0.328595 0.14601 0.0212352 0.287929 3.57992e-06 0.216227 1.47437
0.332188 0.142848 0.0138207 0.29316 8.14545e-07 0.217982 1.45106
0.335679 0.13933 0.00734 0.297937 2.12921e-07 0.219714 1.42896
0.339171 0.13488 0.00300537 0.301609 6.1129e-08 0.221336 1.40795
0.342725 0.129344 0.00103238 0.304043 1.92934e-08 0.222856 1.3879
0.346319 0.123163 0.000347644 0.305794 6.88151e-09 0.224377 1.3687
0.34992 0.1167 0.000126722 0.307297 2.81164e-09 0.225957 1.3503
0.35351 0.110107 5.18124e-05 0.308723 1.31102e-09 0.227608 1.33265
0.357086 0.103434 2.38508e-05 0.31013 6.89562e-10 0.229325 1.31573
0.360646 0.0967048 1.22555e-05 0.311538 4.03542e-10 0.231099 1.29948
0.364191 0.0899285 6.9418e-06 0.312953 2.59249e-10 0.23292 1.28388
0.367722 0.0831132 4.27744e-06 0.31438 1.80597e-10 0.234781 1.26889
0.371238 0.0762651 2.83123e-06 0.315823 1.34928e-10 0.236672 1.25448
0.37474 0.0693902 1.98963e-06 0.317282 1.07076e-10 0.238586 1.24061
0.378228 0.0624942 1.46869e-06 0.31876 8.94969e-11 0.240516 1.22727
0.381704 0.0555827 1.12762e-06 0.320258 7.82061e-11 0.242455 1.21443
0.385165 0.0486614 8.9208e-07 0.321775 7.0988e-11 0.244397 1.20205
0.388613 0.0417359 7.20498e-07 0.323314 6.65555e-11 0.246336 1.19011
0.392046 0.0348119 5.88209e-07 0.324875 6.41314e-11 0.248267 1.17859
0.395464 0.0278963 4.796e-07 0.326457 6.32282e-11 0.250182 1.16747
0.398862 0.021007 3.83925e-07 0.328061 6.35215e-11 0.252069 1.15673
0.402214 0.0142382 2.93222e-07 0.329681 6.47619e-11 0.253867 1.14634
0.405389 0.00801595 2.03334e-07 0.331283 6.6686e-11 0.255312 1.1363
0.408065 0.00338217 1.20259e-07 0.33278 6.89714e-11 0.255772 1.12657
0.41002 0.00104409 5.95781e-08 0.334106 7.14325e-11 0.254829 1.11708
0.411478 0.000262958 2.62099e-08 0.335322 7.42095e-11 0.252937 1.10778
0.41274 6.15898e-05 1.10117e-08 0.33651 7.75308e-11 0.250688 1.09863
0.413937 1.451e-05 4.61851e-09 0.337703 8.1537e-11 0.248345 1.08963
0.415107 3.56523e-06 1.97469e-09 0.338908 8.6308e-11 0.245981 1.08077
0.41626 9.2768e-07 8.68625e-10 0.340125 9.19069e-11 0.243614 1.07206
0.417397 2.57099e-07 3.94611e-10 0.341354 9.83982e-11 0.241249 1.06349
0.41852 7.59945e-08 1.85385e-10 0.342593 1.05855e-10 0.238886 1.05506
0.419631 2.39384e-08 9.00683e-11 0.343842 1.14362e-10 0.236527 1.04676
0.420729 8.02098e-09 4.52275e-11 0.345099 1.24017e-10 0.234172 1.0386
0.421815 2.8519e-09 2.34509e-11 0.346364 1.3493e-10 0.231821 1.03056
0.422891 1.07317e-09 1.25418e-11 0.347635 1.47226e-10 0.229474 1.02264
0.423956 4.26236e-10 6.91019e-12 0.348912 1.61047e-10 0.227132 1.01485
0.425011 1.78198e-10 3.91757e-12 0.350194 1.76552e-10 0.224795 1.00717
0.426057 7.82129e-11 2.28253e-12 0.35148 1.93917e-10 0.222463 0.99961
0.427094 3.5948e-11 1.36514e-12 0.352769 2.13338e-10 0.220137 0.99216
0.428122 1.72597e-11 8.37134e-13 0.354062 2.35034e-10 0.217816 0.984819
0.429143 8.63677e-12 5.25771e-13 0.355357 2.59247e-10 0.215501 0.977585
0.430155 4.49444e-12 3.37847e-13 0.356654 2.86246e-10 0.213192 0.970454
0.43116 2.4272e-12 2.21886e-13 0.357952 3.16325e-10 0.210889 0.963425
0.432157 1.35766e-12 1.48801e-13 0.359251 3.49812e-10 0.208592 0.956494
0.433148 7.85107e-13 1.01801e-13 0.360551 3.87067e-10 0.206301 0.94966
0.434132 4.68559e-13 7.09887e-14 0.36185 4.28487e-10 0.204017 0.942921
0.43511 2.88127e-13 5.04151e-14 0.36315 4.74509e-10 0.20174 0.936273
0.436082 1.82271e-13 3.64354e-14 0.364449 5.25614e-10 0.199469 0.929715
0.437047 1.18449e-13 2.67766e-14 0.365747 5.82331e-10 0.197205 0.923245
0.438007 7.89638e-14 1.99962e-14 0.367045 6.45239e-10 0.194948 0.91686
0.438962 5.39322e-14 1.51637e-14 0.36834 7.14975e-10 0.192698 0.910559
0.439911 3.76928e-14 1.16695e-14 0.369635 7.92238e-10 0.190455 0.90434
0.440855 2.69254e-14 9.10803e-15 0.370927 8.77794e-10 0.188218 0.898201
0.441794 1.96374e-14 7.20557e-15 0.372217 9.7248e-10 0.185989 0.892141
0.442728 1.46076e-14 5.7749e-15 0.373506 1.07722e-09 0.183767 0.886157
0.443657 1.1072e-14 4.68624e-15 0.374791 1.193e-09 0.181552 0.880247
0.444581 8.54337e-15 3.84849e-15 0.376075 1.32094e-09 0.179344 0.874411
0.445501 6.70515e-15 3.19694e-15 0.377355 1.46223e-09 0.177143 0.868647
0.446417 5.34823e-15 2.6851e-15 0.378633 1.61817e-09 0.17495 0.862953
0.328205 0.145055 0.0216045 0.28817 8.07618e-06 0.216957 1.47544
0.331789 0.141878 0.0141546 0.293424 1.79828e-06 0.218752 1.45216
0.335269 0.138372 0.00758918 0.298247 4.58279e-07 0.220522 1.43008
0.338746 0.133957 0.00313001 0.301987 1.27951e-07 0.22218 1.40909
0.342289 0.128442 0.0010741 0.304466 3.91622e-08 0.223728 1.38906
0.345876 0.122261 0.000358918 0.306234 1.35289e-08 0.22527 1.36989
0.349472 0.115791 0.000129476 0.307741 5.35705e-09 0.226866 1.35151
0.353058 0.10919 5.23633e-05 0.309168 2.42448e-09 0.228531 1.33388
0.356631 0.102513 2.38517e-05 0.310574 1.23997e-09 0.230258 1.31697
0.360188 0.0957796 1.21359e-05 0.311979 7.06893e-10 0.232041 1.30073
0.36373 0.0890023 6.81193e-06 0.313392 4.43169e-10 0.233868 1.28515
0.367258 0.0821884 4.16258e-06 0.314816 3.01756e-10 0.235733 1.27017
0.370772 0.0753441 2.73422e-06 0.316255 2.20695e-10 0.237626 1.25577
0.374272 0.0684753 1.90799e-06 0.317711 1.71681e-10 0.23954 1.24191
0.377758 0.0615876 1.39928e-06 0.319184 1.40838e-10 0.241468 1.22858
0.381231 0.0546867 1.06779e-06 0.320677 1.20928e-10 0.243404 1.21574
0.38469 0.0477781 8.39847e-07 0.32219 1.07967e-10 0.245341 1.20336
0.388134 0.0408674 6.74443e-07 0.323724 9.96581e-11 0.247274 1.19143
0.391565 0.0339605 5.47373e-07 0.325279 9.46198e-11 0.249195 1.17991
0.394979 0.0270644 4.43385e-07 0.326856 9.19856e-11 0.2511 1.1688
0.398373 0.0201997 3.52028e-07 0.328454 9.1178e-11 0.252973 1.15806
0.401714 0.0134771 2.65673e-07 0.330066 9.1755e-11 0.254743 1.14767
0.404853 0.00737971 1.80809e-07 0.331654 9.32684e-11 0.256113 1.13763
0.407455 0.0029938 1.04243e-07 0.333126 9.52211e-11 0.256425 1.12789
0.409337 0.000891156 5.04075e-08 0.334427 9.73818e-11 0.255344 1.1184
0.41076 0.000219391 2.18091e-08 0.33563 9.99747e-11 0.253391 1.10908
0.41201 5.07902e-05 9.06877e-09 0.336811 1.03292e-10 0.251129 1.09991
0.413203 1.18981e-05 3.77808e-09 0.337998 1.07489e-10 0.248788 1.09089
0.414371 2.91564e-06 1.60757e-09 0.339197 1.12641e-10 0.24643 1.08203
0.415521 7.57799e-07 7.04509e-10 0.340409 1.18804e-10 0.244069 1.0733
0.416657 2.09962e-07 3.19088e-10 0.341632 1.26036e-10 0.241711 1.06472
0.417779 6.20764e-08 1.49526e-10 0.342865 1.34406e-10 0.239356 1.05627
0.418888 1.9565e-08 7.24893e-11 0.344108 1.43998e-10 0.237004 1.04796
0.419986 6.56051e-09 3.63322e-11 0.345359 1.54909e-10 0.234655 1.03978
0.421071 2.33467e-09 1.88079e-11 0.346617 1.67252e-10 0.232311 1.03173
0.422146 8.7938e-10 1.00443e-11 0.347882 1.81157e-10 0.229972 1.0238
0.42321 3.4962e-10 5.52717e-12 0.349152 1.96772e-10 0.227637 1.016
0.424265 1.46318e-10 3.13004e-12 0.350428 2.14261e-10 0.225307 1.00831
0.42531 6.42885e-11 1.82192e-12 0.351707 2.33811e-10 0.222983 1.00074
0.426347 2.95794e-11 1.08873e-12 0.35299 2.55629e-10 0.220664 0.993274
0.427374 1.4217e-11 6.6714e-13 0.354276 2.79943e-10 0.21835 0.985922
0.428394 7.12169e-12 4.18735e-13 0.355564 3.07009e-10 0.216042 0.978676
0.429406 3.70988e-12 2.68921e-13 0.356854 3.37107e-10 0.213741 0.971535
0.43041 2.00557e-12 1.76534e-13 0.358145 3.7055e-10 0.211445 0.964494
0.431408 1.12296e-12 1.18341e-13 0.359437 4.07679e-10 0.209156 0.957553
0.432398 6.50039e-13 8.09358e-14 0.360729 4.48872e-10 0.206872 0.950709
0.433382 3.88333e-13 5.64245e-14 0.362022 4.94545e-10 0.204596 0.943958
0.43436 2.39028e-13 4.00639e-14 0.363314 5.45155e-10 0.202326 0.9373
0.435331 1.51356e-13 2.89505e-14 0.364606 6.01202e-10 0.200063 0.930732
0.436297 9.84522e-14 2.1274e-14 0.365897 6.63239e-10 0.197806 0.924251
0.437256 6.56946e-14 1.58864e-14 0.367187 7.31868e-10 0.195557 0.917857
0.438211 4.49107e-14 1.20472e-14 0.368475 8.07753e-10 0.193314 0.911546
0.43916 3.14165e-14 9.27166e-15 0.369762 8.91617e-10 0.191078 0.905317
0.440104 2.24621e-14 7.23718e-15 0.371047 9.84255e-10 0.188849 0.899168
0.441043 1.63968e-14 5.72624e-15 0.37233 1.08653e-09 0.186628 0.893098
0.441977 1.22078e-14 4.59006e-15 0.37361 1.1994e-09 0.184413 0.887104
0.442906 9.26114e-15 3.72551e-15 0.374889 1.3239e-09 0.182206 0.881185
0.44383 7.15223e-15 3.06022e-15 0.376164 1.46116e-09 0.180005 0.875339
0.44475 5.61814e-15 2.5428e-15 0.377437 1.61241e-09 0.177812 0.869566
0.445666 4.48501e-15 2.13631e-15 0.378707 1.77901e-09 0.175627 0.863862
0.327811 0.144102 0.0219844 0.288403 1.85629e-05 0.217681 1.47655
0.331385 0.140909 0.0145028 0.29368 4.06321e-06 0.219519 1.45329
0.334853 0.137415 0.00785411 0.298549 1.01153e-06 0.221328 1.43123
0.338316 0.133037 0.00326586 0.302358 2.74914e-07 0.223023 1.41027
0.341847 0.127546 0.00112045 0.304886 8.16234e-08 0.224599 1.39027
0.345427 0.121368 0.000371657 0.306673 2.73065e-08 0.226161 1.37112
0.349016 0.114893 0.000132684 0.308185 1.04745e-08 0.227774 1.35276
0.352598 0.108285 5.30723e-05 0.309613 4.59872e-09 0.229451 1.33515
0.356167 0.101603 2.39176e-05 0.311017 2.28565e-09 0.231189 1.31826
0.35972 0.0948672 1.20481e-05 0.31242 1.26858e-09 0.23298 1.30204
0.363259 0.0880899 6.70034e-06 0.31383 7.75652e-10 0.234814 1.28646
0.366784 0.0812785 4.05974e-06 0.315252 5.15944e-10 0.236682 1.27149
0.370295 0.0744391 2.64596e-06 0.316687 3.69187e-10 0.238577 1.2571
0.373792 0.0675775 1.8332e-06 0.318138 2.81379e-10 0.240491 1.24326
0.377275 0.0606994 1.33553e-06 0.319607 2.26442e-10 0.242417 1.22993
0.380744 0.0538103 1.01283e-06 0.321095 1.90956e-10 0.244349 1.2171
0.3842 0.0469157 7.91915e-07 0.322603 1.6762e-10 0.24628 1.20473
0.387641 0.0400213 6.32264e-07 0.324132 1.52261e-10 0.248205 1.1928
0.391068 0.0331328 5.10076e-07 0.325681 1.42386e-10 0.250118 1.18129
0.394478 0.0262576 4.10423e-07 0.327252 1.36439e-10 0.252011 1.17017
0.397867 0.0194196 3.23129e-07 0.328844 1.33385e-10 0.25387 1.15943
0.401195 0.0127479 2.40885e-07 0.330447 1.32442e-10 0.25561 1.14905
0.404296 0.00678469 1.60817e-07 0.33202 1.32848e-10 0.256899 1.139
0.406822 0.00264742 9.03915e-08 0.333467 1.33834e-10 0.257064 1.12926
0.408636 0.000761367 4.27066e-08 0.334745 1.35116e-10 0.255857 1.11976
0.410028 0.000183566 1.81903e-08 0.335936 1.37044e-10 0.253853 1.11042
0.411268 4.20471e-05 7.4906e-09 0.337109 1.39987e-10 0.251581 1.10124
0.412457 9.79854e-06 3.10041e-09 0.33829 1.4411e-10 0.249243 1.09221
0.413622 2.39505e-06 1.31297e-09 0.339484 1.49473e-10 0.246892 1.08333
0.414771 6.21788e-07 5.73264e-10 0.340689 1.56112e-10 0.244539 1.07459
0.415906 1.72218e-07 2.5885e-10 0.341907 1.64072e-10 0.242188 1.06599
0.417026 5.09235e-08 1.20985e-10 0.343134 1.73409e-10 0.23984 1.05754
0.418134 1.60565e-08 5.85219e-11 0.34437 1.84199e-10 0.237495 1.04921
0.41923 5.38726e-09 2.92745e-11 0.345615 1.96538e-10 0.235155 1.04102
0.420315 1.91853e-09 1.51284e-11 0.346867 2.10538e-10 0.232818 1.03296
0.421389 7.23209e-10 8.06709e-12 0.348125 2.26333e-10 0.230487 1.02502
0.422452 2.87773e-10 4.43321e-12 0.349388 2.44073e-10 0.22816 1.0172
0.423506 1.2054e-10 2.50755e-12 0.350657 2.63933e-10 0.225838 1.0095
0.42455 5.30093e-11 1.45804e-12 0.351929 2.86107e-10 0.223521 1.00191
0.425586 2.44117e-11 8.70475e-13 0.353205 3.10813e-10 0.221209 0.994439
0.426613 1.17437e-11 5.32964e-13 0.354483 3.38293e-10 0.218904 0.987076
0.427632 5.88803e-12 3.34278e-13 0.355764 3.68817e-10 0.216604 0.979819
0.428643 3.06995e-12 2.14545e-13 0.357047 4.02683e-10 0.21431 0.972667
0.429647 1.66108e-12 1.40763e-13 0.358331 4.40219e-10 0.212022 0.965616
0.430644 9.30882e-13 9.4317e-14 0.359615 4.81788e-10 0.20974 0.958664
0.431634 5.39313e-13 6.44799e-14 0.360901 5.27789e-10 0.207465 0.951809
0.432618 3.22458e-13 4.49375e-14 0.362186 5.78661e-10 0.205197 0.945048
0.433595 1.98646e-13 3.18991e-14 0.363471 6.34884e-10 0.202935 0.938379
0.434566 1.25889e-13 2.30458e-14 0.364755 6.96988e-10 0.200679 0.931801
0.435531 8.19533e-14 1.69324e-14 0.366038 7.65551e-10 0.198431 0.92531
0.436491 5.47291e-14 1.26429e-14 0.36732 8.41208e-10 0.196189 0.918905
0.437445 3.74441e-14 9.58707e-15 0.368601 9.24655e-10 0.193954 0.912585
0.438394 2.62138e-14 7.37821e-15 0.36988 1.01665e-09 0.191727 0.906346
0.439338 1.87569e-14 5.75938e-15 0.371157 1.11802e-09 0.189506 0.900187
0.440276 1.37026e-14 4.5573e-15 0.372431 1.22968e-09 0.187292 0.894107
0.44121 1.02096e-14 3.65344e-15 0.373704 1.35262e-09 0.185086 0.888104
0.442139 7.75111e-15 2.96573e-15 0.374974 1.48792e-09 0.182887 0.882175
0.443064 5.99053e-15 2.43655e-15 0.376242 1.63675e-09 0.180695 0.87632
0.443983 4.70912e-15 2.025e-15 0.377507 1.8004e-09 0.17851 0.870537
0.444899 3.76209e-15 1.7017e-15 0.378769 1.98028e-09 0.176332 0.864824
0.327412 0.143152 0.0223708 0.288626 4.32982e-05 0.218396 1.4777
0.330977 0.139941 0.0148638 0.293927 9.38154e-06 0.220282 1.45446
0.334432 0.136458 0.00813455 0.298842 2.28847e-06 0.222131 1.43243
0.337881 0.132119 0.00341338 0.302723 6.06339e-07 0.223863 1.41149
0.341399 0.126657 0.00117178 0.305303 1.74739e-07 0.225469 1.39152
0.344969 0.120483 0.000385972 0.30711 5.66108e-08 0.227051 1.37239
0.348553 0.114004 0.000136377 0.308628 2.10295e-08 0.22868 1.35405
0.352129 0.107391 5.3946e-05 0.310056 8.95237e-09 0.23037 1.33646
0.355693 0.100704 2.40491e-05 0.31146 4.32164e-09 0.232118 1.31959
0.359243 0.0939677 1.19916e-05 0.312861 2.33388e-09 0.233917 1.30338
0.362778 0.0871915 6.60635e-06 0.314268 1.39094e-09 0.235756 1.28782
0.366299 0.0803836 3.96827e-06 0.315686 9.0333e-10 0.237628 1.27287
0.369806 0.0735502 2.56586e-06 0.317117 6.32065e-10 0.239524 1.25849
0.373299 0.066697 1.76475e-06 0.318565 4.7173e-10 0.241437 1.24465
0.376779 0.0598296 1.27699e-06 0.320029 3.72228e-10 0.243361 1.23133
0.380245 0.0529536 9.62323e-07 0.321512 3.08142e-10 0.245289 1.2185
0.383696 0.0460743 7.47905e-07 0.323015 2.65813e-10 0.247214 1.20614
0.387134 0.0391974 5.93608e-07 0.324538 2.37516e-10 0.249131 1.19421
0.390556 0.0323287 4.75985e-07 0.326081 2.18677e-10 0.251034 1.1827
0.393961 0.0254761 3.80399e-07 0.327646 2.06461e-10 0.252916 1.17159
0.397343 0.0186668 2.96927e-07 0.329231 1.98997e-10 0.254759 1.16085
0.400657 0.0120506 2.18573e-07 0.330826 1.94885e-10 0.256467 1.15047
0.403716 0.00623028 1.43084e-07 0.332383 1.92825e-10 0.257671 1.14043
0.406166 0.00233973 7.84243e-08 0.333804 1.91615e-10 0.25769 1.13068
0.407918 0.000651393 3.624e-08 0.335061 1.90917e-10 0.256369 1.12116
0.409284 0.00015407 1.52104e-08 0.336239 1.91261e-10 0.254323 1.11182
0.410514 3.49487e-05 6.20571e-09 0.337406 1.93106e-10 0.252045 1.10262
0.411699 8.10483e-06 2.55247e-09 0.338581 1.96609e-10 0.249712 1.09358
0.412863 1.97624e-06 1.07588e-09 0.339768 2.0179e-10 0.247367 1.08468
0.41401 5.12466e-07 4.67994e-10 0.340968 2.08648e-10 0.245022 1.07593
0.415142 1.41877e-07 2.10662e-10 0.342179 2.17193e-10 0.242679 1.06732
0.416261 4.19519e-08 9.82007e-11 0.3434 2.27458e-10 0.240339 1.05885
0.417368 1.32312e-08 4.73915e-11 0.34463 2.39503e-10 0.238002 1.05051
0.418463 4.44131e-09 2.36588e-11 0.345867 2.5341e-10 0.23567 1.04231
0.419546 1.58253e-09 1.22044e-11 0.347112 2.69288e-10 0.233342 1.03423
0.420619 5.96928e-10 6.49749e-12 0.348363 2.87267e-10 0.231018 1.02628
0.421681 2.37685e-10 3.56556e-12 0.34962 3.07502e-10 0.228699 1.01845
0.422734 9.96304e-11 2.01422e-12 0.350881 3.30173e-10 0.226385 1.01074
0.423777 4.38458e-11 1.16986e-12 0.352146 3.55483e-10 0.224077 1.00314
0.424812 2.02066e-11 6.9772e-13 0.353415 3.83661e-10 0.221774 0.995656
0.425838 9.72795e-12 4.26806e-13 0.354686 4.14964e-10 0.219476 0.988282
0.426856 4.88094e-12 2.67481e-13 0.355959 4.49679e-10 0.217185 0.981014
0.427867 2.54673e-12 1.71553e-13 0.357234 4.88122e-10 0.214899 0.973851
0.42887 1.37898e-12 1.12485e-13 0.35851 5.30642e-10 0.212619 0.966789
0.429867 7.73344e-13 7.53291e-14 0.359787 5.77627e-10 0.210346 0.959827
0.430856 4.4836e-13 5.14747e-14 0.361064 6.29501e-10 0.208079 0.952961
0.431839 2.68265e-13 3.58595e-14 0.362342 6.8673e-10 0.205819 0.94619
0.432816 1.65375e-13 2.54465e-14 0.363619 7.49826e-10 0.203566 0.939511
0.433786 1.04876e-13 1.83789e-14 0.364895 8.19352e-10 0.201319 0.932923
0.434751 6.83201e-14 1.35005e-14 0.36617 8.95921e-10 0.199079 0.926422
0.43571 4.56553e-14 1.00788e-14 0.367444 9.80206e-10 0.196845 0.920007
0.436664 3.12567e-14 7.64176e-15 0.368717 1.07294e-09 0.194619 0.913677
0.437613 2.18965e-14 5.88066e-15 0.369987 1.17494e-09 0.1924 0.907428
0.438556 1.56779e-14 4.59027e-15 0.371256 1.28706e-09 0.190188 0.90126
0.439494 1.14606e-14 3.63223e-15 0.372523 1.41028e-09 0.187983 0.89517
0.440428 8.54466e-15 2.91199e-15 0.373787 1.54563e-09 0.185785 0.889157
0.441357 6.49119e-15 2.36405e-15 0.375049 1.69426e-09 0.183594 0.883219
0.442281 5.01996e-15 1.94247e-15 0.376308 1.8574e-09 0.181411 0.877354
0.4432 3.94864e-15 1.61462e-15 0.377565 2.0364e-09 0.179235 0.871561
0.444116 3.15653e-15 1.35708e-15 0.378818 2.23274e-09 0.177066 0.865839
0.327008 0.14221 0.022755 0.288834 0.000101827 0.219091 1.47888
0.330563 0.138975 0.015235 0.294165 2.2076e-05 0.22104 1.45567
0.334007 0.135501 0.00842964 0.299126 5.30148e-06 0.222931 1.43366
0.33744 0.131204 0.00357284 0.303081 1.37245e-06 0.224701 1.41275
0.340944 0.125773 0.0012284 0.305717 3.84301e-07 0.226337 1.3928
0.344505 0.119607 0.000401978 0.307546 1.20598e-07 0.22794 1.3737
0.348081 0.113125 0.000140584 0.30907 4.33761e-08 0.229584 1.35539
0.351652 0.106507 5.49916e-05 0.310499 1.78972e-08 0.231287 1.33782
0.355211 0.0998184 2.42475e-05 0.311902 8.38718e-09 0.233045 1.32096
0.358756 0.0930811 1.1966e-05 0.313301 4.4048e-09 0.234851 1.30478
0.362286 0.0863071 6.52936e-06 0.314705 2.55737e-09 0.236695 1.28923
0.365803 0.0795037 3.88756e-06 0.316119 1.62066e-09 0.23857 1.27428
0.369306 0.0726774 2.49338e-06 0.317547 1.10826e-09 0.240467 1.25991
0.372795 0.0658338 1.70217e-06 0.31899 8.09532e-10 0.24238 1.24609
0.37627 0.0589783 1.22324e-06 0.32045 6.26011e-10 0.244301 1.23278
0.379731 0.0521165 9.15895e-07 0.321928 5.08488e-10 0.246224 1.21996
0.383178 0.0452538 7.07471e-07 0.323425 4.30862e-10 0.248142 1.2076
0.386611 0.0383957 5.58154e-07 0.324942 3.78547e-10 0.250051 1.19568
0.390028 0.0315482 4.44799e-07 0.326479 3.42992e-10 0.251944 1.18417
0.393428 0.0247196 3.53029e-07 0.328038 3.18942e-10 0.253814 1.17306
0.396802 0.0179413 2.73154e-07 0.329616 3.02962e-10 0.25564 1.16233
0.4001 0.0113853 1.98484e-07 0.331201 2.92528e-10 0.257314 1.15195
0.403114 0.00571562 1.27363e-07 0.332741 2.85386e-10 0.258429 1.1419
0.40549 0.00206744 6.80947e-08 0.334137 2.79642e-10 0.258305 1.13215
0.407185 0.000558301 3.08084e-08 0.335374 2.74896e-10 0.256883 1.12262
0.408526 0.000129747 1.27524e-08 0.336542 2.71933e-10 0.254802 1.11326
0.409749 2.91687e-05 5.15708e-09 0.337701 2.71305e-10 0.252521 1.10405
0.410931 6.73362e-06 2.1082e-09 0.33887 2.73118e-10 0.250193 1.09499
0.412092 1.63802e-06 8.84499e-10 0.340051 2.77312e-10 0.247856 1.08608
0.413236 4.24253e-07 3.83305e-10 0.341244 2.83804e-10 0.245519 1.07731
0.414367 1.17393e-07 1.71997e-10 0.342448 2.92539e-10 0.243184 1.06869
0.415485 3.47075e-08 7.9959e-11 0.343662 3.03504e-10 0.240853 1.06021
0.41659 1.09478e-08 3.84962e-11 0.344885 3.16718e-10 0.238525 1.05186
0.417683 3.67586e-09 1.91776e-11 0.346116 3.3224e-10 0.236201 1.04365
0.418765 1.3103e-09 9.87419e-12 0.347354 3.50161e-10 0.233881 1.03556
0.419836 4.94474e-10 5.24807e-12 0.348598 3.70602e-10 0.231566 1.02759
0.420897 1.96991e-10 2.87559e-12 0.349847 3.93715e-10 0.229256 1.01975
0.421949 8.26175e-11 1.62224e-12 0.351101 4.1968e-10 0.226951 1.01203
0.422991 3.63791e-11 9.41055e-13 0.352358 4.48709e-10 0.224651 1.00442
0.424025 1.67751e-11 5.60641e-13 0.353619 4.81041e-10 0.222356 0.996925
0.42505 8.08062e-12 3.42616e-13 0.354882 5.16947e-10 0.220067 0.98954
0.426068 4.05675e-12 2.1453e-13 0.356148 5.56731e-10 0.217785 0.982261
0.427077 2.11791e-12 1.37484e-13 0.357415 6.00732e-10 0.215508 0.975087
0.42808 1.14744e-12 9.00837e-14 0.358683 6.49323e-10 0.213237 0.968015
0.429075 6.43863e-13 6.02901e-14 0.359952 7.02918e-10 0.210973 0.961042
0.430064 3.73502e-13 4.11757e-14 0.361221 7.61973e-10 0.208715 0.954166
0.431046 2.236e-13 2.86712e-14 0.36249 8.26988e-10 0.206463 0.947385
0.432022 1.37917e-13 2.03373e-14 0.363759 8.98511e-10 0.204219 0.940696
0.432992 8.75109e-14 1.46837e-14 0.365027 9.77145e-10 0.201981 0.934097
0.433957 5.70386e-14 1.0783e-14 0.366294 1.06355e-09 0.199749 0.927587
0.434915 3.81369e-14 8.04815e-15 0.36756 1.15844e-09 0.197525 0.921162
0.435868 2.61233e-14 6.10102e-15 0.368824 1.2626e-09 0.195308 0.914822
0.436816 1.83101e-14 4.69436e-15 0.370086 1.3769e-09 0.193098 0.908563
0.437759 1.31169e-14 3.66394e-15 0.371346 1.50227e-09 0.190895 0.902385
0.438697 9.59354e-15 2.8991e-15 0.372604 1.63972e-09 0.188699 0.896286
0.43963 7.15634e-15 2.32421e-15 0.37386 1.79038e-09 0.18651 0.890263
0.440558 5.43933e-15 1.88693e-15 0.375113 1.95545e-09 0.184328 0.884315
0.441482 4.20869e-15 1.55053e-15 0.376364 2.13624e-09 0.182154 0.878441
0.442401 3.31222e-15 1.28896e-15 0.377612 2.3342e-09 0.179987 0.872639
0.443316 2.64915e-15 1.08351e-15 0.378856 2.55087e-09 0.177828 0.866908
0.326599 0.141283 0.0231194 0.289019 0.000238942 0.219741 1.48009
0.330145 0.138014 0.0156104 0.294393 5.27073e-05 0.221785 1.45691
0.333576 0.134547 0.00873745 0.299401 1.25524e-05 0.223726 1.43493
0.336993 0.130292 0.00374418 0.303431 3.18606e-06 0.225537 1.41405
0.340483 0.124896 0.00129056 0.306127 8.68228e-07 0.227203 1.39413
0.344033 0.11874 0.000419783 0.30798 2.64065e-07 0.228827 1.37506
0.347601 0.112256 0.000145337 0.309511 9.19602e-08 0.230486 1.35677
0.351166 0.105635 5.62163e-05 0.310941 3.67649e-08 0.232201 1.33922
0.354719 0.0989443 2.45141e-05 0.312343 1.67183e-08 0.233969 1.32238
0.358259 0.0922076 1.19713e-05 0.31374 8.53416e-09 0.235782 1.30621
0.361784 0.0854366 6.46883e-06 0.315141 4.82429e-09 0.237632 1.29068
0.365296 0.078639 3.81708e-06 0.316552 2.98164e-09 0.239509 1.27575
0.368794 0.0718208 2.42805e-06 0.317976 1.99162e-09 0.241407 1.26139
0.372278 0.0649878 1.64502e-06 0.319414 1.42308e-09 0.243319 1.24758
0.375748 0.0581454 1.1739e-06 0.320869 1.07793e-09 0.245236 1.23427
0.379204 0.051299 8.73201e-07 0.322342 8.58685e-10 0.247154 1.22146
0.382646 0.0444541 6.703e-07 0.323833 7.14372e-10 0.249066 1.2091
0.386073 0.0376163 5.25612e-07 0.325344 6.16851e-10 0.250966 1.19719
0.389484 0.0307913 4.16247e-07 0.326876 5.49814e-10 0.252848 1.18569
0.392878 0.0239882 3.28058e-07 0.328427 5.03338e-10 0.254706 1.17458
0.396244 0.0172429 2.51571e-07 0.329998 4.71015e-10 0.256514 1.16385
0.399523 0.0107519 1.80391e-07 0.331574 4.48217e-10 0.258151 1.15347
0.402491 0.00523958 1.13433e-07 0.333096 4.30985e-10 0.259173 1.14342
0.404793 0.00182723 5.91848e-08 0.334467 4.16276e-10 0.258913 1.13366
0.406436 0.00047954 2.62437e-08 0.335685 4.03618e-10 0.257399 1.12412
0.407757 0.000109653 1.07213e-08 0.336843 3.94144e-10 0.255291 1.11475
0.408972 2.44476e-05 4.29911e-09 0.337994 3.88468e-10 0.253009 1.10552
0.41015 5.61949e-06 1.74697e-09 0.339157 3.86562e-10 0.250687 1.09645
0.411309 1.36383e-06 7.29567e-10 0.340331 3.88191e-10 0.248358 1.08753
0.412452 3.52797e-07 3.14971e-10 0.341518 3.93117e-10 0.24603 1.07875
0.41358 9.75584e-08 1.4088e-10 0.342715 4.01162e-10 0.243704 1.07012
0.414696 2.88357e-08 6.53108e-11 0.343923 4.12214e-10 0.241381 1.06162
0.415799 9.09537e-09 3.13665e-11 0.345139 4.26222e-10 0.239062 1.05326
0.416891 3.05428e-09 1.55915e-11 0.346362 4.4319e-10 0.236747 1.04503
0.417971 1.08898e-09 8.01204e-12 0.347592 4.6317e-10 0.234437 1.03693
0.419041 4.11077e-10 4.25083e-12 0.348829 4.86258e-10 0.23213 1.02896
0.420101 1.63824e-10 2.32545e-12 0.35007 5.1259e-10 0.229829 1.02111
0.421151 6.87331e-11 1.31e-12 0.351316 5.4234e-10 0.227533 1.01337
0.422192 3.02774e-11 7.58931e-13 0.352566 5.75719e-10 0.225242 1.00575
0.423225 1.39672e-11 4.51607e-13 0.353819 6.12974e-10 0.222957 0.998246
0.424249 6.73087e-12 2.7569e-13 0.355074 6.54388e-10 0.220677 0.99085
0.425265 3.38055e-12 1.72458e-13 0.356331 7.00284e-10 0.218404 0.983561
0.426274 1.76564e-12 1.10426e-13 0.35759 7.51021e-10 0.216136 0.976377
0.427275 9.56991e-13 7.22989e-14 0.35885 8.07001e-10 0.213874 0.969294
0.42827 5.37221e-13 4.83538e-14 0.360111 8.68668e-10 0.211619 0.962311
0.429258 3.1177e-13 3.30034e-14 0.361372 9.36514e-10 0.209371 0.955425
0.430239 1.86721e-13 2.29683e-14 0.362632 1.01108e-09 0.207129 0.948633
0.431214 1.15218e-13 1.62843e-14 0.363892 1.09295e-09 0.204893 0.941934
0.432184 7.31376e-14 1.17525e-14 0.365152 1.18279e-09 0.202665 0.935326
0.433147 4.76898e-14 8.62746e-15 0.36641 1.28129e-09 0.200443 0.928805
0.434105 3.1899e-14 6.43736e-15 0.367667 1.38925e-09 0.198228 0.922371
0.435057 2.18593e-14 4.87872e-15 0.368922 1.5075e-09 0.19602 0.91602
0.436005 1.53275e-14 3.75313e-15 0.370176 1.63697e-09 0.193819 0.909752
0.436947 1.09847e-14 2.92887e-15 0.371427 1.77867e-09 0.191626 0.903565
0.437884 8.03732e-15 2.31722e-15 0.372677 1.9337e-09 0.189439 0.897456
0.438816 5.99788e-15 1.8576e-15 0.373923 2.10325e-09 0.18726 0.891423
0.439744 4.56066e-15 1.50806e-15 0.375168 2.28862e-09 0.185088 0.885466
0.440667 3.53025e-15 1.23922e-15 0.376409 2.49123e-09 0.182924 0.879583
0.441586 2.77942e-15 1.03021e-15 0.377648 2.7126e-09 0.180766 0.873771
0.4425 2.22392e-15 8.66075e-16 0.378884 2.95441e-09 0.178617 0.86803
0.326183 0.140386 0.0234303 0.289155 0.000550372 0.220295 1.48134
0.329721 0.137065 0.0159784 0.294605 0.000126735 0.222504 1.45819
0.33314 0.133596 0.00905398 0.299667 3.0279e-05 0.224513 1.43624
0.336541 0.129382 0.00392668 0.303774 7.57557e-06 0.226369 1.41538
0.340015 0.124025 0.0013584 0.306533 2.01423e-06 0.228067 1.39549
0.343554 0.117881 0.000439479 0.308413 5.94362e-07 0.229712 1.37645
0.347114 0.111397 0.000150663 0.309952 2.00463e-07 0.231386 1.35819
0.350672 0.104774 5.7627e-05 0.311383 7.76438e-08 0.233114 1.34066
0.354218 0.0980824 2.48499e-05 0.312784 3.42485e-08 0.234891 1.32385
0.357752 0.0913472 1.2007e-05 0.314178 1.69853e-08 0.236711 1.30769
0.361272 0.0845803 6.42423e-06 0.315577 9.34398e-09 0.238565 1.29218
0.364778 0.0777893 3.7563e-06 0.316984 5.62924e-09 0.240445 1.27726
0.36827 0.0709804 2.3694e-06 0.318404 3.67092e-09 0.242344 1.26291
0.371749 0.0641591 1.59291e-06 0.319838 2.56451e-09 0.244253 1.24911
0.375213 0.0573309 1.12861e-06 0.321288 1.90177e-09 0.246167 1.23582
0.378664 0.0505012 8.33928e-07 0.322755 1.48504e-09 0.248079 1.22301
0.3821 0.0436754 6.36107e-07 0.32424 1.21244e-09 0.249984 1.21066
0.38552 0.036859 4.9572e-07 0.325745 1.02848e-09 0.251875 1.19875
0.388925 0.0300579 3.90084e-07 0.32727 9.01398e-10 0.253746 1.18725
0.392312 0.0232818 3.05256e-07 0.328815 8.12082e-10 0.255591 1.17615
0.395669 0.0165717 2.31961e-07 0.330378 7.4834e-10 0.257381 1.16542
0.398928 0.0101502 1.64092e-07 0.331944 7.01539e-10 0.258978 1.15504
0.401846 0.00480081 1.01096e-07 0.333448 6.64597e-10 0.259906 1.14499
0.404077 0.00161593 5.15031e-08 0.334794 6.3252e-10 0.259513 1.13523
0.405672 0.000412907 2.24043e-08 0.335995 6.04725e-10 0.25792 1.12567
0.406975 9.30167e-05 9.03962e-09 0.337142 5.82784e-10 0.25579 1.11628
0.408184 2.05793e-05 3.59533e-09 0.338287 5.6727e-10 0.253509 1.10705
0.409359 4.71095e-06 1.45242e-09 0.339442 5.57832e-10 0.251194 1.09796
0.410514 1.14071e-06 6.03768e-10 0.34061 5.53886e-10 0.248874 1.08903
0.411655 2.94692e-07 2.59667e-10 0.34179 5.54896e-10 0.246555 1.08024
0.412781 8.14294e-08 1.15765e-10 0.34298 5.60447e-10 0.244238 1.07159
0.413895 2.40587e-08 5.35137e-11 0.34418 5.70242e-10 0.241925 1.06308
0.414996 7.58721e-09 2.56355e-11 0.345389 5.84087e-10 0.239615 1.05471
0.416086 2.54774e-09 1.27137e-11 0.346605 6.01881e-10 0.237309 1.04647
0.417165 9.08439e-10 6.51983e-12 0.347827 6.23598e-10 0.235008 1.03836
0.418233 3.4297e-10 3.45271e-12 0.349056 6.49275e-10 0.232711 1.03038
0.419291 1.36706e-10 1.88565e-12 0.35029 6.7901e-10 0.230419 1.02251
0.42034 5.73679e-11 1.06062e-12 0.351527 7.12953e-10 0.228133 1.01477
0.42138 2.52769e-11 6.13607e-13 0.352769 7.513e-10 0.225851 1.00714
0.422411 1.16633e-11 3.6467e-13 0.354014 7.94296e-10 0.223575 0.99962
0.423434 5.62208e-12 2.22363e-13 0.355261 8.42232e-10 0.221305 0.992213
0.424449 2.82442e-12 1.38955e-13 0.35651 8.95442e-10 0.219041 0.984914
0.425457 1.47557e-12 8.88901e-14 0.35776 9.54309e-10 0.216783 0.977719
0.426457 7.99989e-13 5.81492e-14 0.359011 1.01926e-09 0.214532 0.970626
0.427451 4.49208e-13 3.88606e-14 0.360263 1.09078e-09 0.212286 0.963633
0.428437 2.60764e-13 2.65057e-14 0.361515 1.16939e-09 0.210047 0.956737
0.429418 1.56216e-13 1.84349e-14 0.362767 1.25567e-09 0.207815 0.949935
0.430392 9.64208e-14 1.30631e-14 0.364019 1.35029e-09 0.205589 0.943226
0.43136 6.12225e-14 9.42321e-15 0.365269 1.45393e-09 0.20337 0.936608
0.432323 3.99314e-14 6.91461e-15 0.366519 1.56737e-09 0.201159 0.930078
0.43328 2.67169e-14 5.15744e-15 0.367767 1.69147e-09 0.198954 0.923633
0.434231 1.83133e-14 3.90749e-15 0.369013 1.82713e-09 0.196756 0.917273
0.435178 1.28447e-14 3.0052e-15 0.370257 1.97538e-09 0.194565 0.910996
0.436119 9.20788e-15 2.3447e-15 0.3715 2.13729e-09 0.192381 0.904798
0.437055 6.73916e-15 1.85474e-15 0.37274 2.31408e-09 0.190205 0.89868
0.437987 5.03056e-15 1.48666e-15 0.373977 2.50702e-09 0.188036 0.892638
0.438914 3.82624e-15 1.20682e-15 0.375212 2.71753e-09 0.185874 0.886672
0.439836 2.96262e-15 9.9164e-16 0.376445 2.94715e-09 0.183719 0.880779
0.440754 2.33321e-15 8.24385e-16 0.377674 3.19753e-09 0.181572 0.874958
0.441667 1.86746e-15 6.93058e-16 0.3789 3.47047e-09 0.179432 0.869207
0.325759 0.139541 0.0236297 0.289198 0.00121514 0.220658 1.48262
0.329292 0.136135 0.0163161 0.294788 0.000303186 0.223165 1.4595
0.332699 0.132652 0.00937134 0.29992 7.40041e-05 0.225283 1.43758
0.336083 0.128477 0.00411842 0.304109 1.84051e-05 0.227194 1.41676
0.339541 0.12316 0.00143179 0.306935 4.79384e-06 0.228927 1.3969
0.343068 0.117031 0.000461115 0.308844 1.37491e-06 0.230594 1.37789
0.346619 0.110548 0.000156583 0.310392 4.49405e-07 0.232285 1.35965
0.350168 0.103924 5.92292e-05 0.311824 1.6865e-07 0.234024 1.34215
0.353708 0.0972327 2.52558e-05 0.313224 7.21454e-08 0.23581 1.32535
0.357235 0.0904999 1.20729e-05 0.314616 3.47492e-08 0.237637 1.30922
0.360749 0.0837381 6.39506e-06 0.316011 1.85949e-08 0.239495 1.29372
0.364248 0.0769548 3.70472e-06 0.317415 1.09143e-08 0.241378 1.27882
0.367735 0.0701561 2.31698e-06 0.318831 6.94501e-09 0.243276 1.26448
0.371207 0.0633477 1.54547e-06 0.32026 4.74121e-09 0.245184 1.25069
0.374666 0.0565349 1.08706e-06 0.321705 3.4405e-09 0.247094 1.23741
0.37811 0.049723 7.97784e-07 0.323166 2.63225e-09 0.249 1.22461
0.381539 0.0429174 6.04631e-07 0.324646 2.10803e-09 0.250897 1.21226
0.384953 0.0361237 4.68237e-07 0.326145 1.7559e-09 0.252778 1.20036
0.38835 0.0293479 3.66088e-07 0.327663 1.51258e-09 0.254639 1.18887
0.391729 0.0226003 2.84418e-07 0.329201 1.34049e-09 0.25647 1.17776
0.395076 0.0159276 2.14132e-07 0.330756 1.21593e-09 0.25824 1.16703
0.398314 0.00958009 1.49403e-07 0.332311 1.12249e-09 0.259796 1.15666
0.40118 0.00439775 9.01747e-08 0.333796 1.04724e-09 0.260626 1.14661
0.403342 0.00143049 4.48819e-08 0.335119 9.81761e-10 0.260109 1.13684
0.404895 0.000356517 1.91716e-08 0.336303 9.25236e-10 0.258446 1.12727
0.406182 7.92129e-05 7.64435e-09 0.33744 8.79707e-10 0.256299 1.11787
0.407384 1.73994e-05 3.01649e-09 0.338578 8.4542e-10 0.254021 1.10862
0.408555 3.96736e-06 1.21155e-09 0.339726 8.21319e-10 0.251714 1.09952
0.409708 9.5846e-07 5.01322e-10 0.340887 8.06121e-10 0.249403 1.09058
0.410846 2.47263e-07 2.14776e-10 0.34206 7.98717e-10 0.247093 1.08177
0.411971 6.82642e-08 9.54319e-11 0.343243 7.98233e-10 0.244786 1.07312
0.413082 2.01579e-08 4.39849e-11 0.344435 8.04022e-10 0.242482 1.0646
0.414181 6.3549e-09 2.10154e-11 0.345636 8.15624e-10 0.240182 1.05622
0.415269 2.13352e-09 1.03978e-11 0.346845 8.3273e-10 0.237886 1.04796
0.416346 7.60664e-10 5.32077e-12 0.348059 8.55158e-10 0.235595 1.03984
0.417412 2.87169e-10 2.81225e-12 0.34928 8.8283e-10 0.233308 1.03185
0.418469 1.14466e-10 1.53315e-12 0.350505 9.15758e-10 0.231026 1.02397
0.419516 4.80371e-11 8.60961e-13 0.351735 9.54031e-10 0.228749 1.01621
0.420554 2.11671e-11 4.97362e-13 0.352968 9.97807e-10 0.226478 1.00857
0.421584 9.76788e-12 2.95187e-13 0.354204 1.04731e-09 0.224212 1.00105
0.422606 4.70888e-12 1.79774e-13 0.355442 1.10281e-09 0.221952 0.99363
0.423619 2.36591e-12 1.12215e-13 0.356683 1.16466e-09 0.219698 0.98632
0.424626 1.23617e-12 7.17113e-14 0.357924 1.23325e-09 0.21745 0.979115
0.425625 6.7028e-13 4.68678e-14 0.359167 1.30904e-09 0.215208 0.972012
0.426617 3.76422e-13 3.1295e-14 0.36041 1.39253e-09 0.212973 0.965009
0.427603 2.1854e-13 2.13292e-14 0.361653 1.48431e-09 0.210744 0.958103
0.428582 1.30938e-13 1.48245e-14 0.362896 1.58499e-09 0.208522 0.951292
0.429555 8.08298e-14 1.04982e-14 0.364138 1.6953e-09 0.206306 0.944573
0.430522 5.13301e-14 7.56887e-15 0.36538 1.81599e-09 0.204098 0.937945
0.431484 3.3484e-14 5.55122e-15 0.36662 1.94793e-09 0.201896 0.931405
0.43244 2.24064e-14 4.13875e-15 0.367859 2.09202e-09 0.199702 0.924951
0.43339 1.53609e-14 3.13452e-15 0.369096 2.24929e-09 0.197514 0.918581
0.434336 1.07756e-14 2.40994e-15 0.370331 2.42084e-09 0.195334 0.912294
0.435276 7.72586e-15 1.87976e-15 0.371564 2.60787e-09 0.19316 0.906087
0.436211 5.65541e-15 1.48662e-15 0.372794 2.81168e-09 0.190994 0.899959
0.437142 4.22229e-15 1.19138e-15 0.374023 3.03371e-09 0.188836 0.893908
0.438068 3.21203e-15 9.66993e-16 0.375248 3.27549e-09 0.186684 0.887932
0.438989 2.4875e-15 7.94493e-16 0.376471 3.53869e-09 0.18454 0.882029
0.439906 1.9594e-15 6.6045e-16 0.377691 3.82513e-09 0.182403 0.876199
0.440819 1.56857e-15 5.55225e-16 0.378907 4.13678e-09 0.180274 0.870439
0.325322 0.138778 0.0236371 0.289077 0.00249622 0.22069 1.48394
0.328854 0.135245 0.0165812 0.294911 0.000707862 0.223701 1.46085
0.332252 0.131724 0.00967413 0.300153 0.000181569 0.226016 1.43896
0.335619 0.127578 0.00431527 0.304434 4.54986e-05 0.228008 1.41817
0.33906 0.122302 0.00151013 0.307333 1.16832e-05 0.229783 1.39834
0.342574 0.11619 0.000484656 0.309274 3.2665e-06 0.231474 1.37936
0.346115 0.10971 0.000163103 0.31083 1.03605e-06 0.233181 1.36116
0.349657 0.103086 6.1025e-05 0.312265 3.76869e-07 0.234931 1.34368
0.353189 0.0963952 2.57319e-05 0.313663 1.56349e-07 0.236727 1.32691
0.356709 0.0896659 1.21684e-05 0.315053 7.31187e-08 0.23856 1.31079
0.360215 0.0829101 6.38071e-06 0.316446 3.80457e-08 0.240423 1.29531
0.363708 0.0761354 3.66184e-06 0.317846 2.17471e-08 0.242307 1.28042
0.367188 0.0693481 2.27039e-06 0.319257 1.34967e-08 0.244205 1.2661
0.370653 0.0625536 1.50233e-06 0.320682 8.99954e-09 0.24611 1.25232
0.374105 0.0557572 1.04892e-06 0.322121 6.38737e-09 0.248016 1.23904
0.377542 0.0489643 7.64504e-07 0.323577 4.78571e-09 0.249916 1.22625
0.380964 0.0421802 5.7563e-07 0.325051 3.75771e-09 0.251805 1.21392
0.38437 0.0354105 4.42945e-07 0.326543 3.07212e-09 0.253676 1.20202
0.38776 0.0286612 3.44058e-07 0.328054 2.59998e-09 0.255525 1.19053
0.39113 0.0219435 2.65355e-07 0.329585 2.26564e-09 0.257342 1.17943
0.394465 0.0153104 1.97909e-07 0.331132 2.02213e-09 0.259092 1.1687
0.39768 0.00904109 1.36163e-07 0.332675 1.83749e-09 0.260604 1.15832
0.400494 0.00402868 8.05097e-08 0.334141 1.68759e-09 0.261337 1.14827
0.402589 0.00126804 3.91747e-08 0.33544 1.55782e-09 0.260702 1.1385
0.404104 0.000308764 1.64464e-08 0.336609 1.44674e-09 0.258978 1.12892
0.405376 6.77311e-05 6.48413e-09 0.337737 1.35669e-09 0.256819 1.1195
0.406573 1.47769e-05 2.53914e-09 0.338868 1.28687e-09 0.254545 1.11024
0.407741 3.35655e-06 1.014e-09 0.340009 1.23473e-09 0.252247 1.10113
0.408891 8.09026e-07 4.17644e-10 0.341163 1.19759e-09 0.249945 1.09217
0.410026 2.08402e-07 1.78228e-10 0.342328 1.17323e-09 0.247645 1.08336
0.411148 5.7478e-08 7.89226e-11 0.343504 1.1599e-09 0.245348 1.07469
0.412257 1.6961e-08 3.62657e-11 0.344688 1.15628e-09 0.243054 1.06616
0.413354 5.34441e-09 1.72803e-11 0.345881 1.1614e-09 0.240764 1.05777
0.41444 1.79362e-09 8.52881e-12 0.347082 1.17456e-09 0.238479 1.04951
0.415515 6.39308e-10 4.35463e-12 0.348288 1.19528e-09 0.236197 1.04138
0.416579 2.41306e-10 2.29692e-12 0.3495 1.22324e-09 0.233921 1.03337
0.417634 9.61696e-11 1.24989e-12 0.350717 1.25829e-09 0.231649 1.02548
0.418679 4.03542e-11 7.00695e-13 0.351938 1.30038e-09 0.229382 1.01772
0.419716 1.77801e-11 4.04148e-13 0.353163 1.34958e-09 0.227121 1.01007
0.420744 8.20427e-12 2.39521e-13 0.35439 1.40605e-09 0.224866 1.00253
0.421764 3.95487e-12 1.45681e-13 0.35562 1.47004e-09 0.222616 0.995101
0.422776 1.98698e-12 9.08254e-14 0.356851 1.54185e-09 0.220372 0.987781
0.423781 1.03815e-12 5.79784e-14 0.358084 1.62188e-09 0.218135 0.980566
0.424779 5.62891e-13 3.78545e-14 0.359318 1.71061e-09 0.215904 0.973453
0.42577 3.16107e-13 2.52534e-14 0.360551 1.80857e-09 0.213679 0.96644
0.426754 1.8352e-13 1.71972e-14 0.361785 1.91638e-09 0.211461 0.959524
0.427732 1.09956e-13 1.19436e-14 0.363019 2.03471e-09 0.209249 0.952703
0.428704 6.78767e-14 8.45227e-15 0.364252 2.16434e-09 0.207044 0.945974
0.42967 4.31046e-14 6.09005e-15 0.365484 2.30612e-09 0.204846 0.939336
0.43063 2.81186e-14 4.46414e-15 0.366715 2.46097e-09 0.202655 0.932786
0.431585 1.88164e-14 3.32663e-15 0.367944 2.62991e-09 0.200472 0.926323
0.432534 1.29e-14 2.51836e-15 0.369171 2.81407e-09 0.198295 0.919944
0.433478 9.04958e-15 1.93547e-15 0.370397 3.01466e-09 0.196125 0.913647
0.434417 6.4886e-15 1.50917e-15 0.37162 3.23302e-09 0.193963 0.907431
0.435352 4.74994e-15 1.1932e-15 0.372841 3.47058e-09 0.191807 0.901293
0.436281 3.54646e-15 9.56012e-16 0.374059 3.72892e-09 0.18966 0.895233
0.437206 2.69807e-15 7.75801e-16 0.375275 4.00975e-09 0.187519 0.889247
0.438126 2.08962e-15 6.37311e-16 0.376488 4.31491e-09 0.185386 0.883336
0.439042 1.64612e-15 5.29727e-16 0.377698 4.64641e-09 0.18326 0.877496
0.439953 1.3179e-15 4.45295e-16 0.378905 5.00642e-09 0.181142 0.871727
0.324867 0.138122 0.0233773 0.288728 0.00464005 0.220265 1.48532
0.328407 0.13442 0.0167048 0.294912 0.00156884 0.223988 1.46223
0.331797 0.130823 0.0099333 0.300343 0.000440377 0.226663 1.44038
0.335149 0.126689 0.00450892 0.304743 0.000113617 0.228796 1.41962
0.338573 0.121452 0.00159193 0.307723 2.9061e-05 0.230631 1.39983
0.342073 0.115358 0.000509911 0.3097 7.95894e-06 0.232351 1.38088
0.345604 0.108882 0.000170201 0.311268 2.45496e-06 0.234074 1.3627
0.349136 0.102259 6.30108e-05 0.312705 8.66411e-07 0.235836 1.34525
0.35266 0.0955701 2.62766e-05 0.314102 3.48686e-07 0.237641 1.3285
0.356172 0.0888451 1.22927e-05 0.31549 1.58321e-07 0.23948 1.31241
0.359671 0.0820962 6.38048e-06 0.31688 8.0082e-08 0.241347 1.29694
0.363157 0.0753313 3.62711e-06 0.318276 4.4562e-08 0.243232 1.28207
0.366629 0.0685563 2.22919e-06 0.319683 2.69624e-08 0.24513 1.26777
0.370087 0.0617767 1.46315e-06 0.321102 1.75522e-08 0.247033 1.25399
0.373531 0.0549979 1.01392e-06 0.322537 1.21787e-08 0.248934 1.24073
0.37696 0.0482251 7.33835e-07 0.323987 8.93192e-09 0.250827 1.22795
0.380374 0.0414638 5.48883e-07 0.325454 6.87308e-09 0.252708 1.21562
0.383772 0.0347193 4.19644e-07 0.326939 5.51274e-09 0.254569 1.20372
0.387153 0.0279978 3.23811e-07 0.328444 4.58167e-09 0.256405 1.19224
0.390514 0.0213115 2.47899e-07 0.329967 3.92411e-09 0.258208 1.18114
0.393837 0.0147199 1.83136e-07 0.331505 3.4447e-09 0.259937 1.17042
0.397027 0.00853282 1.24224e-07 0.333037 3.07985e-09 0.261403 1.16004
0.399787 0.00369177 7.19587e-08 0.334483 2.78338e-09 0.262038 1.14999
0.40182 0.00112597 3.42542e-08 0.33576 2.52907e-09 0.261294 1.14021
0.4033 0.000268285 1.41456e-08 0.336914 2.31379e-09 0.259518 1.13062
0.404559 5.81562e-05 5.5171e-09 0.338034 2.13934e-09 0.257349 1.12119
0.40575 1.26069e-05 2.1444e-09 0.339156 2.00227e-09 0.255081 1.11192
0.406914 2.853e-06 8.51509e-10 0.340291 1.89681e-09 0.252792 1.1028
0.408062 6.86044e-07 3.49092e-10 0.341437 1.81754e-09 0.250501 1.09383
0.409194 1.76442e-07 1.48383e-10 0.342595 1.76002e-09 0.248211 1.085
0.410313 4.86083e-08 6.54779e-11 0.343762 1.72083e-09 0.245924 1.07632
0.41142 1.43315e-08 2.99943e-11 0.344939 1.69735e-09 0.243641 1.06778
0.412515 4.51289e-09 1.4252e-11 0.346124 1.68764e-09 0.241361 1.05938
0.413598 1.51376e-09 7.01628e-12 0.347316 1.69024e-09 0.239086 1.05111
0.414671 5.3932e-10 3.57405e-12 0.348514 1.70408e-09 0.236815 1.04296
