0.411688 0.0532606 1.02254e-07 0.294207 1.11726e-09 0.240844 1.14962
0.419314 0.0363604 1.90108e-07 0.299852 1.5128e-09 0.244474 1.13111
0.426977 0.0191071 2.89722e-07 0.305704 2.02945e-09 0.248212 1.11419
0.433889 0.00385358 2.41668e-07 0.311092 2.62213e-09 0.251165 1.09869
0.436779 0.000119309 6.38377e-08 0.313303 3.12607e-09 0.249798 1.08411
0.438326 2.22674e-06 1.15204e-08 0.314528 3.62864e-09 0.247144 1.06988
0.439735 5.21499e-08 2.18103e-09 0.315741 4.21886e-09 0.244524 1.05597
0.441054 1.69009e-09 4.63657e-10 0.316965 4.92974e-09 0.241981 1.04237
0.442291 7.54835e-11 1.11608e-10 0.318192 5.78901e-09 0.239517 1.02909
0.443454 4.53872e-12 3.02897e-11 0.319416 6.82737e-09 0.237129 1.0161
0.44455 3.57685e-13 9.19677e-12 0.320632 8.0808e-09 0.234818 1.0034
0.445582 3.59949e-14 3.09755e-12 0.321835 9.59198e-09 0.232583 0.990984
0.446557 4.51557e-15 1.14763e-12 0.323021 1.14117e-08 0.230422 0.978842
0.44748 6.91002e-16 4.64033e-13 0.324186 1.36002e-08 0.228334 0.966966
0.448353 1.265e-16 2.03274e-13 0.325329 1.6229e-08 0.226318 0.955349
0.449181 2.72269e-17 9.58273e-14 0.326446 1.93827e-08 0.224373 0.943983
0.449967 6.78395e-18 4.83188e-14 0.327537 2.31608e-08 0.222496 0.932862
0.450714 1.92997e-18 2.59149e-14 0.3286 2.76809e-08 0.220687 0.921977
0.451424 6.19236e-19 1.47095e-14 0.329633 3.30808e-08 0.218943 0.911323
0.452101 2.21628e-19 8.79577e-15 0.330636 3.95219e-08 0.217263 0.900891
0.452746 8.76161e-20 5.51785e-15 0.331609 4.71927e-08 0.215645 0.890677
0.453361 3.79234e-20 3.61781e-15 0.33255 5.6313e-08 0.214089 0.880673
0.453949 1.78303e-20 2.47063e-15 0.33346 6.71383e-08 0.212591 0.870874
0.454511 9.04167e-21 1.75186e-15 0.334339 7.99647e-08 0.21115 0.861273
0.455049 4.91355e-21 1.28612e-15 0.335186 9.51345e-08 0.209765 0.851864
0.455564 2.84504e-21 9.75048e-16 0.336003 1.13043e-07 0.208434 0.842642
0.456057 1.74606e-21 7.61552e-16 0.336788 1.34144e-07 0.207155 0.833601
0.456531 1.13045e-21 6.1145e-16 0.337542 1.5896e-07 0.205927 0.824736
0.456986 7.68783e-22 5.0367e-16 0.338266 1.88086e-07 0.204748 0.816041
0.457422 5.47046e-22 4.24878e-16 0.338961 2.22205e-07 0.203617 0.807512
0.457843 4.05857e-22 3.66428e-16 0.339626 2.62092e-07 0.202531 0.799144
0.458247 3.1293e-22 3.22592e-16 0.340262 3.08627e-07 0.201491 0.790933
0.458637 2.50017e-22 2.89497e-16 0.34087 3.6281e-07 0.200493 0.782873
0.459012 2.06428e-22 2.64481e-16 0.341449 4.25766e-07 0.199538 0.77496
0.459375 1.75702e-22 2.45688e-16 0.342002 4.98769e-07 0.198622 0.767191
0.459725 1.5382e-22 2.31811e-16 0.342528 5.83245e-07 0.197746 0.75956
0.460063 1.38222e-22 2.2192e-16 0.343028 6.808e-07 0.196908 0.752065
0.46039 1.27246e-22 2.15358e-16 0.343503 7.93225e-07 0.196106 0.744701
0.460707 1.19799e-22 2.11665e-16 0.343953 9.22522e-07 0.19534 0.737465
0.461013 1.15161e-22 2.10525e-16 0.344378 1.07092e-06 0.194607 0.730353
0.461311 1.12864e-22 2.11738e-16 0.34478 1.2409e-06 0.193908 0.723362
0.461599 1.12618e-22 2.15193e-16 0.345159 1.4352e-06 0.19324 0.716489
0.461879 1.14265e-22 2.20855e-16 0.345516 1.65685e-06 0.192603 0.70973
0.462151 1.17751e-22 2.28757e-16 0.345851 1.90921e-06 0.191996 0.703082
0.462415 1.23108e-22 2.38992e-16 0.346165 2.19595e-06 0.191418 0.696543
0.462673 1.3045e-22 2.5171e-16 0.346458 2.52113e-06 0.190867 0.69011
0.462923 1.39968e-22 2.67123e-16 0.346731 2.88919e-06 0.190343 0.68378
0.463167 1.51939e-22 2.85507e-16 0.346984 3.30496e-06 0.189845 0.677549
0.463405 1.6673e-22 3.07204e-16 0.347219 3.77376e-06 0.189372 0.671417
0.463638 1.84814e-22 3.32634e-16 0.347435 4.30133e-06 0.188923 0.66538
0.463864 2.0679e-22 3.62299e-16 0.347634 4.89396e-06 0.188497 0.659436
0.464086 2.33408e-22 3.96804e-16 0.347815 5.55844e-06 0.188094 0.653583
0.464302 2.65601e-22 4.36863e-16 0.347979 6.30213e-06 0.187712 0.647818
0.464514 3.04527e-22 4.83323e-16 0.348127 7.13298e-06 0.187351 0.64214
0.464722 3.5162e-22 5.37184e-16 0.348259 8.05957e-06 0.187011 0.636546
0.464925 4.08655e-22 5.99625e-16 0.348376 9.09113e-06 0.18669 0.631034
0.465124 4.77833e-22 6.72036e-16 0.348479 1.02376e-05 0.186387 0.625602
0.465319 5.61878e-22 7.56053e-16 0.348567 1.15096e-05 0.186103 0.62025
0.465511 6.64169e-22 8.53603e-16 0.34864 1.29185e-05 0.185836 0.614974
0.465699 7.88897e-22 9.66957e-16 0.348701 1.44764e-05 0.185586 0.609773
0.412144 0.0510047 1.19984e-07 0.295278 1.04697e-09 0.241573 1.14932
0.419817 0.0339838 2.19696e-07 0.300967 1.4139e-09 0.245232 1.13089
0.427522 0.0166312 3.20783e-07 0.306857 1.88937e-09 0.24899 1.11405
0.434043 0.00255055 2.27717e-07 0.311931 2.41178e-09 0.251475 1.09861
0.436513 6.3841e-05 5.27327e-08 0.313819 2.84535e-09 0.249604 1.08399
0.438048 1.17287e-06 9.33082e-09 0.315059 3.29493e-09 0.246892 1.0697
0.439462 2.80531e-08 1.77039e-09 0.316303 3.82784e-09 0.244235 1.05574
0.440787 9.35005e-10 3.79052e-10 0.317557 4.47164e-09 0.241656 1.0421
0.442031 4.29938e-11 9.20332e-11 0.318814 5.25116e-09 0.239156 1.02877
0.443199 2.65987e-12 2.52043e-11 0.320067 6.19439e-09 0.236734 1.01575
0.4443 2.15413e-13 7.7223e-12 0.321312 7.33432e-09 0.234389 1.00301
0.445338 2.22454e-14 2.6241e-12 0.322542 8.71017e-09 0.23212 0.990566
0.446318 2.85963e-15 9.80602e-13 0.323755 1.03687e-08 0.229926 0.978395
0.447245 4.47775e-16 3.99789e-13 0.324948 1.23654e-08 0.227807 0.966493
0.448123 8.37655e-17 1.76526e-13 0.326117 1.47664e-08 0.22576 0.954852
0.448956 1.84e-17 8.38523e-14 0.32726 1.76497e-08 0.223784 0.943464
0.449746 4.67334e-18 4.25889e-14 0.328376 2.11076e-08 0.221878 0.932322
0.450497 1.35375e-18 2.30009e-14 0.329463 2.52489e-08 0.22004 0.92142
0.451212 4.41814e-19 1.31425e-14 0.33052 3.02014e-08 0.218268 0.910749
0.451892 1.60689e-19 7.90878e-15 0.331546 3.61151e-08 0.216561 0.900303
0.452541 6.44963e-20 4.99163e-15 0.332542 4.31652e-08 0.214917 0.890076
0.45316 2.83196e-20 3.29185e-15 0.333505 5.15564e-08 0.213335 0.88006
0.453751 1.34969e-20 2.26057e-15 0.334437 6.15266e-08 0.211812 0.87025
0.454316 6.9328e-21 1.61147e-15 0.335337 7.33522e-08 0.210347 0.860639
0.454857 3.81373e-21 1.18911e-15 0.336204 8.73529e-08 0.208938 0.851222
0.455375 2.23391e-21 9.05927e-16 0.337041 1.03898e-07 0.207584 0.841992
0.455871 1.38614e-21 7.10902e-16 0.337845 1.23413e-07 0.206283 0.832945
0.456347 9.06856e-22 5.73368e-16 0.338619 1.46387e-07 0.205034 0.824073
0.456804 6.22885e-22 4.74357e-16 0.339362 1.73379e-07 0.203834 0.815374
0.457244 4.47446e-22 4.01827e-16 0.340074 2.05028e-07 0.202682 0.80684
0.457666 3.34972e-22 3.47946e-16 0.340757 2.42065e-07 0.201577 0.798468
0.458072 2.6051e-22 3.07511e-16 0.34141 2.85318e-07 0.200517 0.790253
0.458464 2.09854e-22 2.76997e-16 0.342035 3.35728e-07 0.199501 0.78219
0.458841 1.74634e-22 2.53977e-16 0.342631 3.94357e-07 0.198527 0.774275
0.459205 1.49761e-22 2.36754e-16 0.3432 4.62405e-07 0.197594 0.766503
0.459557 1.32056e-22 2.24135e-16 0.343741 5.41223e-07 0.196701 0.758871
0.459896 1.19485e-22 2.15272e-16 0.344257 6.32327e-07 0.195846 0.751375
0.460225 1.10725e-22 2.09566e-16 0.344747 7.37414e-07 0.195028 0.74401
0.460543 1.04907e-22 2.06601e-16 0.345211 8.58381e-07 0.194246 0.736773
0.46085 1.01461e-22 2.06096e-16 0.345651 9.97341e-07 0.193498 0.72966
0.461148 1.0002e-22 2.07878e-16 0.346067 1.15665e-06 0.192783 0.722669
0.461438 1.00363e-22 2.11858e-16 0.34646 1.3389e-06 0.192101 0.715796
0.461718 1.02382e-22 2.1802e-16 0.34683 1.547e-06 0.19145 0.709037
0.461991 1.06054e-22 2.26412e-16 0.347178 1.78411e-06 0.190829 0.70239
0.462256 1.11435e-22 2.37144e-16 0.347504 2.05376e-06 0.190237 0.695851
0.462514 1.18651e-22 2.50381e-16 0.34781 2.3598e-06 0.189673 0.689418
0.462765 1.27901e-22 2.66352e-16 0.348096 2.70647e-06 0.189137 0.683089
0.46301 1.39463e-22 2.85349e-16 0.348361 3.09839e-06 0.188626 0.67686
0.463248 1.53702e-22 3.07733e-16 0.348608 3.54063e-06 0.188141 0.670728
0.46348 1.71086e-22 3.33943e-16 0.348836 4.0387e-06 0.18768 0.664692
0.463707 1.92203e-22 3.6451e-16 0.349046 4.59861e-06 0.187242 0.65875
0.463929 2.17791e-22 4.00064e-16 0.349238 5.22685e-06 0.186828 0.652898
0.464145 2.48766e-22 4.41354e-16 0.349414 5.9305e-06 0.186435 0.647134
0.464357 2.86266e-22 4.89266e-16 0.349573 6.71717e-06 0.186063 0.641457
0.464565 3.31703e-22 5.44846e-16 0.349716 7.59511e-06 0.185712 0.635865
0.464768 3.86828e-22 6.09332e-16 0.349844 8.57318e-06 0.18538 0.630354
0.464966 4.53811e-22 6.84179e-16 0.349956 9.66091e-06 0.185068 0.624924
0.465161 5.35346e-22 7.71104e-16 0.350054 1.08685e-05 0.184773 0.619573
0.465353 6.34778e-22 8.72131e-16 0.350138 1.2207e-05 0.184497 0.614299
0.46554 7.56265e-22 9.89645e-16 0.350209 1.36881e-05 0.184237 0.6091
0.412585 0.0487671 1.40122e-07 0.296333 9.80302e-10 0.242314 1.14908
0.420306 0.0316288 2.52253e-07 0.302064 1.32015e-09 0.246002 1.13073
0.428042 0.0142074 3.49878e-07 0.307983 1.75611e-09 0.249768 1.11396
0.434065 0.0016134 2.07991e-07 0.312657 2.21142e-09 0.251664 1.09857
0.436231 3.41802e-05 4.33269e-08 0.31432 2.58628e-09 0.249415 1.0839
0.437762 6.25189e-07 7.56665e-09 0.315583 2.98881e-09 0.246655 1.06956
0.439183 1.53056e-08 1.44087e-09 0.316856 3.46958e-09 0.243962 1.05555
0.440514 5.24932e-10 3.10859e-10 0.318139 4.05194e-09 0.241347 1.04186
0.441763 2.48528e-11 7.61459e-11 0.319425 4.75823e-09 0.238812 1.02849
0.442937 1.58183e-12 2.10452e-11 0.320707 5.61395e-09 0.236356 1.01543
0.444044 1.31625e-13 6.50701e-12 0.321979 6.64929e-09 0.233978 1.00266
0.445087 1.39458e-14 2.23089e-12 0.323237 7.90024e-09 0.231676 0.990179
0.446072 1.8366e-15 8.40865e-13 0.324477 9.40975e-09 0.229451 0.977979
0.447005 2.94203e-16 3.45667e-13 0.325695 1.1229e-08 0.2273 0.96605
0.447887 5.62279e-17 1.53844e-13 0.326889 1.34187e-08 0.225223 0.954385
0.448725 1.26023e-17 7.36349e-14 0.328058 1.6051e-08 0.223218 0.942976
0.449519 3.26208e-18 3.7672e-14 0.329198 1.92112e-08 0.221283 0.931815
0.450275 9.61968e-19 2.04871e-14 0.330309 2.29998e-08 0.219417 0.920895
0.450993 3.19279e-19 1.1784e-14 0.331389 2.75351e-08 0.217618 0.910208
0.451678 1.17981e-19 7.13641e-15 0.332438 3.29562e-08 0.215884 0.899748
0.45233 4.80697e-20 4.53153e-15 0.333455 3.94258e-08 0.214215 0.889508
0.452953 2.14081e-20 3.00582e-15 0.33444 4.71339e-08 0.212607 0.879481
0.453547 1.03406e-20 2.07564e-15 0.335393 5.63019e-08 0.21106 0.86966
0.454116 5.37939e-21 1.48754e-15 0.336313 6.71871e-08 0.209571 0.86004
0.454659 2.99502e-21 1.10327e-15 0.337201 8.00876e-08 0.208139 0.850614
0.45518 1.77449e-21 8.44654e-16 0.338057 9.53481e-08 0.206763 0.841377
0.455679 1.11308e-21 6.6594e-16 0.33888 1.13366e-07 0.20544 0.832322
0.456158 7.35748e-22 5.39533e-16 0.339673 1.34598e-07 0.204169 0.823446
0.456617 5.10336e-22 4.48306e-16 0.340433 1.59569e-07 0.202949 0.814741
0.457059 3.70035e-22 3.81347e-16 0.341164 1.88877e-07 0.201777 0.806203
0.457484 2.79495e-22 3.31542e-16 0.341863 2.23208e-07 0.200653 0.797827
0.457892 2.19217e-22 2.9415e-16 0.342534 2.63339e-07 0.199574 0.789609
0.458285 1.78026e-22 2.65953e-16 0.343175 3.10154e-07 0.19854 0.781543
0.458665 1.49299e-22 2.4473e-16 0.343787 3.64655e-07 0.197548 0.773625
0.45903 1.28985e-22 2.2893e-16 0.344372 4.2797e-07 0.196598 0.765852
0.459383 1.14544e-22 2.17457e-16 0.344929 5.01373e-07 0.195688 0.758218
0.459724 1.04345e-22 2.09538e-16 0.345459 5.86295e-07 0.194816 0.75072
0.460054 9.73251e-23 2.04626e-16 0.345963 6.8434e-07 0.193982 0.743354
0.460373 9.27873e-23 2.02346e-16 0.346442 7.97299e-07 0.193184 0.736116
0.460682 9.02766e-23 2.02447e-16 0.346896 9.27175e-07 0.192421 0.729004
0.460981 8.95061e-23 2.04782e-16 0.347326 1.07619e-06 0.191692 0.722012
0.461271 9.03101e-23 2.09281e-16 0.347732 1.24682e-06 0.190996 0.715139
0.461553 9.26161e-23 2.15948e-16 0.348115 1.44181e-06 0.190331 0.70838
0.461826 9.64283e-23 2.24846e-16 0.348476 1.66417e-06 0.189696 0.701733
0.462092 1.01819e-22 2.361e-16 0.348815 1.91724e-06 0.189091 0.695195
0.46235 1.08925e-22 2.49893e-16 0.349133 2.2047e-06 0.188514 0.688763
0.462602 1.17953e-22 2.6647e-16 0.349431 2.53057e-06 0.187965 0.682435
0.462847 1.29182e-22 2.86139e-16 0.349709 2.89927e-06 0.187442 0.676206
0.463085 1.42976e-22 3.09284e-16 0.349967 3.31561e-06 0.186944 0.670076
0.463318 1.59798e-22 3.36367e-16 0.350206 3.78488e-06 0.186472 0.664041
0.463545 1.80232e-22 3.67944e-16 0.350428 4.31278e-06 0.186023 0.6581
0.463767 2.05006e-22 4.04677e-16 0.350631 4.90555e-06 0.185597 0.652249
0.463984 2.35027e-22 4.47351e-16 0.350818 5.56994e-06 0.185193 0.646487
0.464196 2.71423e-22 4.96898e-16 0.350987 6.31324e-06 0.184811 0.640811
0.464403 3.15591e-22 5.54416e-16 0.351141 7.14334e-06 0.184449 0.63522
0.464606 3.69268e-22 6.21203e-16 0.351279 8.06875e-06 0.184107 0.629712
0.464804 4.34613e-22 6.98791e-16 0.351402 9.0986e-06 0.183785 0.624284
0.464999 5.14308e-22 7.88985e-16 0.35151 1.02427e-05 0.18348 0.618934
0.46519 6.11686e-22 8.93918e-16 0.351604 1.15116e-05 0.183194 0.613661
0.465377 7.30902e-22 1.0161e-15 0.351685 1.29166e-05 0.182925 0.608464
0.413012 0.0465485 1.62853e-07 0.297371 9.17146e-10 0.243068 1.14889
0.420778 0.0292961 2.87672e-07 0.303142 1.23139e-09 0.246783 1.13061
0.428527 0.0118608 3.74986e-07 0.309075 1.62933e-09 0.250536 1.11391
0.433974 0.000982804 1.84927e-07 0.31329 2.02197e-09 0.251754 1.09857
0.435937 1.83747e-05 3.54817e-08 0.314809 2.34787e-09 0.249235 1.08383
0.437469 3.37435e-07 6.146e-09 0.316097 2.70838e-09 0.246434 1.06944
0.438896 8.47009e-09 1.17595e-09 0.317399 3.14168e-09 0.243705 1.05538
0.440233 2.99048e-10 2.55747e-10 0.318711 3.66783e-09 0.241056 1.04165
0.441488 1.45784e-11 6.32139e-11 0.320025 4.30696e-09 0.238487 1.02824
0.442668 9.54487e-13 1.76334e-11 0.321334 5.08226e-09 0.235997 1.01513
0.44378 8.15897e-14 5.50228e-12 0.322634 6.02134e-09 0.233586 1.00233
0.444829 8.8672e-15 1.90333e-12 0.323918 7.15717e-09 0.231253 0.989822
0.44582 1.19609e-15 7.2361e-13 0.325184 8.52915e-09 0.228996 0.977593
0.446757 1.95968e-16 2.99939e-13 0.326428 1.01843e-08 0.226815 0.965639
0.447645 3.82555e-17 1.34556e-13 0.327647 1.21785e-08 0.224708 0.953951
0.448486 8.74681e-18 6.48939e-14 0.328839 1.45782e-08 0.222674 0.94252
0.449286 2.30695e-18 3.34419e-14 0.330003 1.74619e-08 0.220711 0.93134
0.450045 6.92424e-19 1.83133e-14 0.331137 2.09225e-08 0.218817 0.920402
0.450768 2.33673e-19 1.06038e-14 0.33224 2.50695e-08 0.216992 0.9097
0.451457 8.77131e-20 6.46246e-15 0.333311 3.00313e-08 0.215232 0.899226
0.452113 3.62709e-20 4.12853e-15 0.33435 3.59588e-08 0.213537 0.888973
0.452739 1.63812e-20 2.75443e-15 0.335356 4.30281e-08 0.211905 0.878934
0.453337 8.01797e-21 1.91264e-15 0.336329 5.14448e-08 0.210334 0.869103
0.453909 4.22373e-21 1.37802e-15 0.337269 6.14479e-08 0.208822 0.859474
0.454456 2.3797e-21 1.02727e-15 0.338177 7.33149e-08 0.207368 0.85004
0.454979 1.42591e-21 7.90323e-16 0.339051 8.73667e-08 0.20597 0.840796
0.455481 9.0404e-22 6.26036e-16 0.339893 1.03974e-07 0.204625 0.831735
0.455962 6.03682e-22 5.09496e-16 0.340704 1.23563e-07 0.203334 0.822852
0.456425 4.228e-22 4.25186e-16 0.341482 1.46623e-07 0.202093 0.814142
0.456868 3.09399e-22 3.63192e-16 0.342229 1.73716e-07 0.200902 0.8056
0.457295 2.35754e-22 3.17028e-16 0.342946 2.05482e-07 0.199758 0.797221
0.457706 1.86462e-22 2.82363e-16 0.343633 2.42649e-07 0.198661 0.788999
0.458101 1.5264e-22 2.5625e-16 0.34429 2.86048e-07 0.197609 0.780931
0.458482 1.28988e-22 2.36651e-16 0.344918 3.36618e-07 0.1966 0.773011
0.45885 1.12253e-22 2.22142e-16 0.345518 3.95421e-07 0.195632 0.765235
0.459204 1.00382e-22 2.11719e-16 0.34609 4.63655e-07 0.194706 0.7576
0.459547 9.20556e-23 2.04671e-16 0.346635 5.42667e-07 0.193818 0.750101
0.459878 8.6413e-23 2.00502e-16 0.347153 6.33967e-07 0.192968 0.742734
0.460198 8.289e-23 1.9887e-16 0.347646 7.39249e-07 0.192155 0.735496
0.460508 8.11222e-23 1.99556e-16 0.348114 8.60401e-07 0.191377 0.728383
0.460808 8.08845e-23 2.02433e-16 0.348557 9.99527e-07 0.190634 0.721391
0.461099 8.20542e-23 2.07453e-16 0.348976 1.15896e-06 0.189923 0.714518
0.461382 8.45884e-23 2.14636e-16 0.349372 1.3413e-06 0.189245 0.70776
0.461656 8.8512e-23 2.24062e-16 0.349746 1.54941e-06 0.188597 0.701113
0.461922 9.3911e-23 2.35872e-16 0.350097 1.78646e-06 0.187978 0.694576
0.462181 1.00932e-22 2.50265e-16 0.350428 2.05592e-06 0.187389 0.688145
0.462433 1.09787e-22 2.67503e-16 0.350737 2.36163e-06 0.186827 0.681817
0.462679 1.20757e-22 2.87915e-16 0.351026 2.70777e-06 0.186292 0.67559
0.462918 1.34206e-22 3.11906e-16 0.351296 3.09894e-06 0.185783 0.669461
0.463151 1.50598e-22 3.39963e-16 0.351547 3.54015e-06 0.185299 0.663427
0.463378 1.70513e-22 3.72671e-16 0.351779 4.03686e-06 0.184839 0.657487
0.4636 1.94677e-22 4.10729e-16 0.351994 4.595e-06 0.184402 0.651637
0.463817 2.23992e-22 4.54961e-16 0.352191 5.22101e-06 0.183987 0.645877
0.464029 2.59582e-22 5.06348e-16 0.352371 5.92186e-06 0.183594 0.640203
0.464236 3.02842e-22 5.66047e-16 0.352535 6.70508e-06 0.183222 0.634613
0.464439 3.5551e-22 6.35425e-16 0.352683 7.5788e-06 0.18287 0.629106
0.464637 4.19743e-22 7.16096e-16 0.352816 8.55178e-06 0.182538 0.62368
0.464832 4.98232e-22 8.09966e-16 0.352935 9.63341e-06 0.182224 0.618332
0.465023 5.94324e-22 9.19285e-16 0.353038 1.08338e-05 0.181928 0.613061
0.46521 7.12198e-22 1.04671e-15 0.353128 1.21637e-05 0.18165 0.607865
0.413424 0.0443495 1.88346e-07 0.298393 8.57381e-10 0.243833 1.14874
0.421234 0.0269865 3.25703e-07 0.304203 1.14743e-09 0.247576 1.13054
0.428966 0.00962963 3.93794e-07 0.310124 1.50863e-09 0.251281 1.11392
0.433797 0.000581721 1.60866e-07 0.313851 1.84419e-09 0.251771 1.09859
0.435632 9.94342e-06 2.90054e-08 0.31529 2.12897e-09 0.249068 1.0838
0.437168 1.84486e-07 5.00177e-09 0.316604 2.4518e-09 0.246228 1.06935
0.438601 4.75447e-09 9.6249e-10 0.317934 2.84189e-09 0.243465 1.05524
0.439944 1.7286e-10 2.11085e-10 0.319273 3.31667e-09 0.240782 1.04146
0.441205 8.67666e-12 5.26562e-11 0.320615 3.89426e-09 0.23818 1.02801
0.442392 5.84298e-13 1.48261e-11 0.321951 4.59577e-09 0.235658 1.01487
0.443509 5.12987e-14 4.66911e-12 0.323276 5.44637e-09 0.233215 1.00204
0.444563 5.71761e-15 1.62964e-12 0.324586 6.47623e-09 0.23085 0.989496
0.44556 7.89776e-16 6.24933e-13 0.325877 7.72145e-09 0.228563 0.977239
0.446502 1.32319e-16 2.61194e-13 0.327146 9.22512e-09 0.226352 0.96526
0.447395 2.63781e-17 1.18109e-13 0.328389 1.10386e-08 0.224216 0.953548
0.448241 6.1513e-18 5.73963e-14 0.329605 1.32229e-08 0.222154 0.942097
0.449045 1.65278e-18 2.97938e-14 0.330792 1.58504e-08 0.220163 0.930898
0.449809 5.04817e-19 1.64292e-14 0.331948 1.90066e-08 0.218242 0.919943
0.450536 1.73188e-19 9.5761e-15 0.333073 2.27925e-08 0.216391 0.909225
0.451229 6.60256e-20 5.87328e-15 0.334166 2.73268e-08 0.214606 0.898737
0.451889 2.77056e-20 3.77495e-15 0.335225 3.27489e-08 0.212886 0.888471
0.452519 1.26871e-20 2.53318e-15 0.336252 3.92218e-08 0.21123 0.878421
0.45312 6.29166e-21 1.76879e-15 0.337245 4.6936e-08 0.209635 0.86858
0.453695 3.35565e-21 1.28118e-15 0.338204 5.61132e-08 0.208101 0.858942
0.454245 1.91293e-21 9.5996e-16 0.339131 6.7011e-08 0.206624 0.8495
0.454772 1.15905e-21 7.42157e-16 0.340024 7.99279e-08 0.205204 0.840249
0.455277 7.42651e-22 5.90648e-16 0.340884 9.52084e-08 0.203839 0.831182
0.455761 5.00914e-22 4.82867e-16 0.341712 1.1325e-07 0.202527 0.822294
0.456225 3.54188e-22 4.04714e-16 0.342507 1.34509e-07 0.201267 0.813579
0.456672 2.61555e-22 3.47149e-16 0.343272 1.59509e-07 0.200057 0.805033
0.457101 2.01029e-22 3.04243e-16 0.344005 1.88848e-07 0.198894 0.79665
0.457513 1.60314e-22 2.72025e-16 0.344707 2.23209e-07 0.197779 0.788425
0.457911 1.32271e-22 2.47789e-16 0.34538 2.63367e-07 0.196709 0.780354
0.458294 1.12618e-22 2.29662e-16 0.346023 3.10203e-07 0.195683 0.772432
0.458663 9.87125e-23 2.16331e-16 0.346638 3.64714e-07 0.194699 0.764655
0.459019 8.88814e-23 2.06873e-16 0.347225 4.28023e-07 0.193756 0.757018
0.459363 8.2046e-23 2.00635e-16 0.347784 5.01396e-07 0.192852 0.749518
0.459696 7.75026e-23 1.97165e-16 0.348317 5.86254e-07 0.191987 0.74215
0.460017 7.47921e-23 1.96155e-16 0.348823 6.84191e-07 0.191159 0.734912
0.460328 7.36211e-23 1.9741e-16 0.349304 7.96985e-07 0.190367 0.727798
0.46063 7.38133e-23 2.00827e-16 0.34976 9.26621e-07 0.189609 0.720807
0.460922 7.52801e-23 2.06375e-16 0.350193 1.0753e-06 0.188884 0.713933
0.461205 7.80029e-23 2.14092e-16 0.350601 1.24548e-06 0.188192 0.707176
0.46148 8.20229e-23 2.24074e-16 0.350987 1.43987e-06 0.187531 0.70053
0.461747 8.74384e-23 2.3648e-16 0.351351 1.66145e-06 0.1869 0.693993
0.462007 9.44041e-23 2.51524e-16 0.351693 1.91353e-06 0.186298 0.687563
0.46226 1.03136e-22 2.69488e-16 0.352014 2.19973e-06 0.185724 0.681236
0.462505 1.13921e-22 2.90723e-16 0.352315 2.52404e-06 0.185177 0.67501
0.462745 1.27126e-22 3.15655e-16 0.352596 2.8908e-06 0.184657 0.668882
0.462978 1.43213e-22 3.44802e-16 0.352857 3.30478e-06 0.184161 0.66285
0.463206 1.62767e-22 3.78781e-16 0.353101 3.77115e-06 0.18369 0.656911
0.463428 1.86512e-22 4.18327e-16 0.353326 4.29558e-06 0.183242 0.651063
0.463645 2.15356e-22 4.64312e-16 0.353533 4.88418e-06 0.182817 0.645304
0.463857 2.50426e-22 5.17771e-16 0.353724 5.54359e-06 0.182414 0.639631
0.464064 2.93125e-22 5.79924e-16 0.353898 6.28101e-06 0.182031 0.634043
0.464267 3.452e-22 6.52217e-16 0.354057 7.10416e-06 0.181669 0.628538
0.464465 4.0883e-22 7.36357e-16 0.354199 8.02142e-06 0.181327 0.623113
0.46466 4.86728e-22 8.3436e-16 0.354327 9.04177e-06 0.181004 0.617767
0.46485 5.82282e-22 9.48609e-16 0.354441 1.01748e-05 0.180699 0.612498
0.465037 6.99723e-22 1.08192e-15 0.35454 1.1431e-05 0.180411 0.607304
0.41382 0.0421709 2.16744e-07 0.299398 8.00887e-10 0.244611 1.14865
0.421674 0.0247013 3.65923e-07 0.305245 1.06808e-09 0.24838 1.13052
0.429338 0.00756543 4.04018e-07 0.311115 1.39371e-09 0.251981 1.11397
0.433558 0.00033754 1.37603e-07 0.31436 1.67848e-09 0.251744 1.09864
0.435319 5.42641e-06 2.36954e-08 0.315761 1.92837e-09 0.248915 1.08379
0.436859 1.02202e-07 4.07947e-09 0.317102 2.21732e-09 0.246039 1.06929
0.438299 2.70704e-09 7.90115e-10 0.318459 2.5681e-09 0.243242 1.05513
0.439648 1.01374e-10 1.74792e-10 0.319825 2.99598e-09 0.240526 1.04131
0.440915 5.23914e-12 4.40116e-11 0.321193 3.51726e-09 0.237892 1.02782
0.442107 3.62829e-13 1.25094e-11 0.322555 4.15112e-09 0.235337 1.01464
0.443231 3.27115e-14 3.97613e-12 0.323906 4.92051e-09 0.232863 1.00177
0.444291 3.73832e-15 1.4003e-12 0.325241 5.85297e-09 0.230468 0.989202
0.445292 5.28674e-16 5.41651e-13 0.326557 6.9815e-09 0.228151 0.976918
0.44624 9.05549e-17 2.28274e-13 0.327849 8.34556e-09 0.225911 0.964913
0.447138 1.84314e-17 1.04047e-13 0.329116 9.99222e-09 0.223747 0.953178
0.447989 4.38292e-18 5.0949e-14 0.330354 1.19775e-08 0.221657 0.941706
0.448798 1.19946e-18 2.664e-14 0.331564 1.43678e-08 0.219639 0.930488
0.449566 3.72747e-19 1.47925e-14 0.332742 1.7242e-08 0.217692 0.919517
0.450297 1.29977e-19 8.67956e-15 0.333888 2.06928e-08 0.215815 0.908783
0.450994 5.03186e-20 5.35728e-15 0.335001 2.48297e-08 0.214005 0.898282
0.451658 2.14227e-20 3.46425e-15 0.336081 2.97814e-08 0.212261 0.888004
0.452291 9.94515e-21 2.33822e-15 0.337127 3.56984e-08 0.210581 0.877943
0.452896 4.99609e-21 1.64176e-15 0.33814 4.27569e-08 0.208964 0.868092
0.453475 2.69747e-21 1.19551e-15 0.339118 5.11622e-08 0.207407 0.858445
0.454028 1.55566e-21 9.0035e-16 0.340063 6.1153e-08 0.205909 0.848995
0.454558 9.52996e-22 6.99485e-16 0.340974 7.3006e-08 0.204468 0.839737
0.455066 6.1703e-22 5.59307e-16 0.341852 8.70413e-08 0.203082 0.830664
0.455553 4.20328e-22 4.59313e-16 0.342697 1.03628e-07 0.20175 0.82177
0.45602 3.0002e-22 3.86644e-16 0.343509 1.23192e-07 0.200471 0.813051
0.456469 2.23547e-22 3.33035e-16 0.34429 1.46219e-07 0.199241 0.804501
0.4569 1.7329e-22 2.93047e-16 0.345039 1.73268e-07 0.198061 0.796114
0.457315 1.39321e-22 2.6303e-16 0.345757 2.04975e-07 0.196928 0.787886
0.457714 1.15845e-22 2.4049e-16 0.346445 2.42065e-07 0.19584 0.779813
0.458099 9.93659e-23 2.237e-16 0.347104 2.85362e-07 0.194797 0.771889
0.45847 8.77147e-23 2.11447e-16 0.347733 3.35798e-07 0.193797 0.76411
0.458828 7.95145e-23 2.02881e-16 0.348334 3.94425e-07 0.192838 0.756472
0.459174 7.38756e-23 1.97402e-16 0.348907 4.62431e-07 0.191919 0.748971
0.459507 7.02178e-23 1.94596e-16 0.349453 5.41149e-07 0.191039 0.741602
0.45983 6.8165e-23 1.94186e-16 0.349973 6.32075e-07 0.190196 0.734363
0.460143 6.748e-23 1.96003e-16 0.350467 7.36882e-07 0.189389 0.72725
0.460445 6.80259e-23 1.99962e-16 0.350936 8.57436e-07 0.188618 0.720258
0.460738 6.97416e-23 2.06053e-16 0.351381 9.95813e-07 0.18788 0.713386
0.461023 7.26278e-23 2.1433e-16 0.351802 1.15432e-06 0.187174 0.706628
0.461299 7.67403e-23 2.24905e-16 0.3522 1.33552e-06 0.1865 0.699983
0.461567 8.21873e-23 2.37953e-16 0.352575 1.54223e-06 0.185856 0.693447
0.461827 8.91316e-23 2.5371e-16 0.352929 1.77756e-06 0.185242 0.687018
0.46208 9.77954e-23 2.72475e-16 0.353262 2.04495e-06 0.184656 0.680692
0.462326 1.08469e-22 2.94623e-16 0.353574 2.34816e-06 0.184098 0.674467
0.462566 1.21525e-22 3.20607e-16 0.353866 2.69132e-06 0.183565 0.66834
0.4628 1.37431e-22 3.50975e-16 0.354138 3.07892e-06 0.183059 0.662309
0.463028 1.56774e-22 3.86379e-16 0.354392 3.5159e-06 0.182576 0.656372
0.46325 1.80289e-22 4.27599e-16 0.354628 4.0076e-06 0.182118 0.650525
0.463468 2.08891e-22 4.75558e-16 0.354846 4.55984e-06 0.181682 0.644768
0.46368 2.43719e-22 5.31348e-16 0.355046 5.17894e-06 0.181269 0.639097
0.463887 2.86194e-22 5.96265e-16 0.355231 5.87172e-06 0.180877 0.63351
0.46409 3.38089e-22 6.7184e-16 0.355399 6.64555e-06 0.180505 0.628007
0.464288 4.01614e-22 7.59884e-16 0.355551 7.5084e-06 0.180153 0.622584
0.464483 4.79532e-22 8.62536e-16 0.355689 8.46882e-06 0.17982 0.617239
0.464673 5.75293e-22 9.8233e-16 0.355812 9.536e-06 0.179506 0.611972
0.46486 6.93213e-22 1.12226e-15 0.35592 1.07198e-05 0.179209 0.60678
0.4142 0.0400134 2.48155e-07 0.300385 7.47544e-10 0.2454 1.14861
0.422095 0.0224419 4.07685e-07 0.306269 9.9317e-10 0.249194 1.13055
0.429626 0.00572683 4.03915e-07 0.312033 1.2843e-09 0.252613 1.11407
0.433277 0.000193486 1.16254e-07 0.314835 1.52492e-09 0.251695 1.09873
0.434996 2.99041e-06 1.93607e-08 0.316224 1.74484e-09 0.248777 1.08381
0.436542 5.73813e-08 3.33521e-09 0.317591 2.00328e-09 0.245867 1.06926
0.437988 1.56337e-09 6.5058e-10 0.318975 2.31834e-09 0.243037 1.05505
0.439344 6.03117e-11 1.45218e-10 0.320367 2.70343e-09 0.240289 1.04119
0.440617 3.20913e-12 3.69125e-11 0.32176 3.17325e-09 0.237622 1.02766
0.441815 2.2852e-13 1.05917e-11 0.323147 3.74519e-09 0.235037 1.01445
0.442945 2.11528e-14 3.39805e-12 0.324523 4.44013e-09 0.232532 1.00154
0.44401 2.47814e-15 1.20754e-12 0.325882 5.28318e-09 0.230107 0.98894
0.445017 3.58733e-16 4.71163e-13 0.327222 6.30446e-09 0.227761 0.976628
0.44597 6.28079e-17 2.00227e-13 0.328537 7.54003e-09 0.225493 0.964598
0.446873 1.30497e-17 9.19938e-14 0.329826 9.03295e-09 0.223301 0.952841
0.447729 3.16377e-18 4.53912e-14 0.331087 1.08345e-08 0.221183 0.941349
0.448542 8.8171e-19 2.39074e-14 0.332318 1.30057e-08 0.219139 0.930112
0.449315 2.78729e-19 1.33679e-14 0.333518 1.56188e-08 0.217167 0.919124
0.450051 9.87718e-20 7.89594e-15 0.334684 1.87591e-08 0.215264 0.908376
0.450752 3.88231e-20 4.90467e-15 0.335818 2.25274e-08 0.21343 0.89786
0.45142 1.67671e-20 3.1909e-15 0.336918 2.7042e-08 0.211663 0.88757
0.452057 7.8899e-21 2.16627e-15 0.337983 3.24419e-08 0.20996 0.877498
0.452666 4.01463e-21 1.52951e-15 0.339014 3.88895e-08 0.20832 0.867638
0.453248 2.19396e-21 1.11972e-15 0.340011 4.65746e-08 0.206741 0.857982
0.453804 1.27986e-21 8.4759e-16 0.340974 5.57179e-08 0.205222 0.848525
0.454337 7.92605e-22 6.61729e-16 0.341903 6.65756e-08 0.20376 0.83926
0.454848 5.18499e-22 5.31611e-16 0.342798 7.94443e-08 0.202355 0.830181
0.455337 3.56681e-22 4.38543e-16 0.343659 9.46665e-08 0.201003 0.821282
0.455807 2.56969e-22 3.70766e-16 0.344488 1.12637e-07 0.199704 0.812558
0.456259 1.93172e-22 3.20694e-16 0.345285 1.33808e-07 0.198457 0.804004
0.456692 1.5101e-22 2.83324e-16 0.346049 1.58699e-07 0.197258 0.795614
0.45711 1.22387e-22 2.55289e-16 0.346783 1.87903e-07 0.196108 0.787384
0.457511 1.02546e-22 2.34285e-16 0.347485 2.22096e-07 0.195003 0.779308
0.457898 8.86025e-23 2.18712e-16 0.348158 2.62045e-07 0.193944 0.771382
0.458271 7.87604e-23 2.07452e-16 0.348802 3.08621e-07 0.192927 0.763601
0.45863 7.18744e-23 1.99716e-16 0.349417 3.62808e-07 0.191952 0.755962
0.458978 6.72039e-23 1.94953e-16 0.350004 4.25717e-07 0.191018 0.74846
0.459313 6.4267e-23 1.92784e-16 0.350563 4.98595e-07 0.190123 0.741091
0.459637 6.27532e-23 1.92962e-16 0.351096 5.82845e-07 0.189266 0.733852
0.459951 6.24709e-23 1.95339e-16 0.351603 6.80036e-07 0.188445 0.726738
0.460255 6.33147e-23 1.99851e-16 0.352085 7.91918e-07 0.18766 0.719747
0.460549 6.52461e-23 2.06506e-16 0.352542 9.20444e-07 0.186908 0.712874
0.460834 6.82824e-23 2.15374e-16 0.352975 1.06778e-06 0.18619 0.706117
0.461111 7.24917e-23 2.26586e-16 0.353384 1.23634e-06 0.185503 0.699473
0.46138 7.79916e-23 2.40334e-16 0.353771 1.42877e-06 0.184847 0.692938
0.461641 8.49526e-23 2.56873e-16 0.354136 1.64802e-06 0.184221 0.686509
0.461895 9.36038e-23 2.76526e-16 0.35448 1.89731e-06 0.183623 0.680185
0.462142 1.04242e-22 2.99691e-16 0.354803 2.1802e-06 0.183053 0.673961
0.462382 1.17246e-22 3.26851e-16 0.355106 2.50058e-06 0.18251 0.667835
0.462616 1.33092e-22 3.58588e-16 0.355389 2.86272e-06 0.181992 0.661806
0.462845 1.52376e-22 3.95595e-16 0.355653 3.27127e-06 0.181499 0.65587
0.463067 1.75846e-22 4.38699e-16 0.355899 3.73129e-06 0.18103 0.650025
0.463284 2.04431e-22 4.88878e-16 0.356127 4.2483e-06 0.180584 0.644269
0.463497 2.39294e-22 5.47296e-16 0.356338 4.82828e-06 0.18016 0.6386
0.463704 2.81884e-22 6.15327e-16 0.356532 5.4777e-06 0.179758 0.633015
0.463907 3.34011e-22 6.946e-16 0.35671 6.20357e-06 0.179377 0.627513
0.464105 3.97939e-22 7.8704e-16 0.356872 7.01343e-06 0.179016 0.622092
0.4643 4.76496e-22 8.94929e-16 0.357019 7.91543e-06 0.178673 0.616749
0.46449 5.73224e-22 1.02097e-15 0.357151 8.91831e-06 0.17835 0.611484
0.464676 6.9256e-22 1.16834e-15 0.357269 1.00314e-05 0.178045 0.606293
0.414564 0.037878 2.82639e-07 0.301356 6.97231e-10 0.246201 1.14862
0.422498 0.0202107 4.50074e-07 0.307273 9.22494e-10 0.250018 1.13063
0.429811 0.00416596 3.92857e-07 0.312865 1.1803e-09 0.253158 1.11421
0.432967 0.000110257 9.7357e-08 0.315286 1.38326e-09 0.251637 1.09884
0.434665 1.66577e-06 1.58316e-08 0.316678 1.57719e-09 0.248655 1.08387
0.436217 3.26561e-08 2.7337e-09 0.318071 1.80813e-09 0.245712 1.06926
0.437669 9.15785e-10 5.3735e-10 0.31948 2.09074e-09 0.24285 1.05501
0.439032 3.63992e-11 1.21049e-10 0.320898 2.43685e-09 0.240071 1.0411
0.440311 1.99385e-12 3.10656e-11 0.322316 2.85969e-09 0.237373 1.02753
0.441515 1.45969e-13 8.9996e-12 0.323728 3.37503e-09 0.234757 1.01428
0.44265 1.38698e-14 2.9144e-12 0.325127 4.00182e-09 0.232223 1.00134
0.443722 1.66542e-15 1.04508e-12 0.32651 4.76292e-09 0.229769 0.988711
0.444734 2.46728e-16 4.11338e-13 0.327872 5.68575e-09 0.227394 0.976372
0.445692 4.41465e-17 1.76268e-13 0.32921 6.80324e-09 0.225098 0.964317
0.4466 9.36137e-18 8.16353e-14 0.330521 8.1547e-09 0.222878 0.952538
0.447462 2.31347e-18 4.05889e-14 0.331804 9.78704e-09 0.220735 0.941025
0.44828 6.56456e-19 2.15346e-14 0.333056 1.17561e-08 0.218665 0.92977
0.449057 2.11067e-19 1.21253e-14 0.334276 1.4128e-08 0.216667 0.918765
0.449797 7.5997e-20 7.20986e-15 0.335462 1.6981e-08 0.21474 0.908002
0.450502 3.03236e-20 4.5071e-15 0.336616 2.04078e-08 0.212882 0.897474
0.451174 1.32833e-20 2.95015e-15 0.337735 2.4517e-08 0.211091 0.887172
0.451815 6.33482e-21 2.01452e-15 0.338819 2.94365e-08 0.209366 0.877089
0.452428 3.2644e-21 1.43031e-15 0.339868 3.5316e-08 0.207704 0.867219
0.453013 1.80544e-21 1.05271e-15 0.340883 4.23304e-08 0.206104 0.857555
0.453573 1.06522e-21 8.00951e-16 0.341863 5.06834e-08 0.204564 0.84809
0.454109 6.66802e-22 6.28393e-16 0.342809 6.06116e-08 0.203082 0.838818
0.454623 4.40668e-22 5.07213e-16 0.34372 7.23894e-08 0.201657 0.829734
0.455115 3.06086e-22 4.20313e-16 0.344598 8.63338e-08 0.200286 0.82083
0.455588 2.22554e-22 3.56901e-16 0.345443 1.0281e-07 0.198969 0.812102
0.456042 1.68768e-22 3.09995e-16 0.346255 1.22239e-07 0.197703 0.803544
0.456478 1.33034e-22 2.74976e-16 0.347035 1.45102e-07 0.196487 0.79515
0.456897 1.08675e-22 2.48728e-16 0.347783 1.7195e-07 0.195319 0.786917
0.457301 9.17471e-23 2.29118e-16 0.348501 2.03411e-07 0.194198 0.778839
0.45769 7.98451e-23 2.1466e-16 0.349188 2.402e-07 0.193122 0.770911
0.458065 7.14652e-23 2.04317e-16 0.349845 2.83128e-07 0.19209 0.763129
0.458426 6.56465e-23 1.97359e-16 0.350474 3.33113e-07 0.1911 0.755489
0.458775 6.17671e-23 1.93277e-16 0.351074 3.91191e-07 0.190151 0.747986
0.459112 5.94233e-23 1.91727e-16 0.351646 4.58529e-07 0.189241 0.740617
0.459438 5.83579e-23 1.92485e-16 0.352192 5.36436e-07 0.18837 0.733377
0.459753 5.84159e-23 1.95429e-16 0.352711 6.26381e-07 0.187535 0.726263
0.460058 5.95179e-23 2.00511e-16 0.353205 7.30004e-07 0.186736 0.719272
0.460353 6.16443e-23 2.07759e-16 0.353674 8.49134e-07 0.185972 0.7124
0.46064 6.48268e-23 2.17259e-16 0.354119 9.85806e-07 0.18524 0.705644
0.460917 6.91442e-23 2.2916e-16 0.35454 1.14228e-06 0.184541 0.699
0.461187 7.47237e-23 2.43675e-16 0.354939 1.32104e-06 0.183873 0.692466
0.461449 8.17437e-23 2.61078e-16 0.355315 1.52487e-06 0.183235 0.686039
0.461703 9.04412e-23 2.81717e-16 0.35567 1.75679e-06 0.182625 0.679715
0.461951 1.01122e-22 3.06018e-16 0.356003 2.02016e-06 0.182044 0.673492
0.462192 1.14172e-22 3.34496e-16 0.356317 2.31865e-06 0.181489 0.667368
0.462426 1.30082e-22 3.67772e-16 0.35661 2.65626e-06 0.180961 0.66134
0.462655 1.4946e-22 4.06582e-16 0.356885 3.0374e-06 0.180457 0.655406
0.462878 1.73072e-22 4.51807e-16 0.357141 3.46684e-06 0.179978 0.649562
0.463096 2.01872e-22 5.04491e-16 0.357379 3.9498e-06 0.179522 0.643808
0.463308 2.37052e-22 5.65871e-16 0.357599 4.49192e-06 0.179088 0.63814
0.463515 2.80103e-22 6.37414e-16 0.357803 5.09935e-06 0.178676 0.632558
0.463718 3.32889e-22 7.20857e-16 0.35799 5.77869e-06 0.178285 0.627057
0.463917 3.9774e-22 8.18256e-16 0.358162 6.53712e-06 0.177915 0.621638
0.464111 4.7758e-22 9.3205e-16 0.358318 7.38234e-06 0.177563 0.616297
0.464301 5.76071e-22 1.06512e-15 0.358459 8.32265e-06 0.177231 0.611033
0.464487 6.97806e-22 1.2209e-15 0.358586 9.36694e-06 0.176917 0.605845
0.414911 0.0357653 3.20194e-07 0.30231 6.49827e-10 0.247014 1.14869
0.422881 0.0180121 4.91858e-07 0.308257 8.5586e-10 0.25085 1.13076
0.429882 0.00291215 3.71674e-07 0.313604 1.08171e-09 0.253602 1.1144
0.432636 6.27603e-05 8.1044e-08 0.315719 1.25306e-09 0.251582 1.09898
0.434325 9.38616e-07 1.29623e-08 0.317124 1.42426e-09 0.24855 1.08395
0.435883 1.88406e-08 2.24672e-09 0.318542 1.6304e-09 0.245575 1.06929
0.437342 5.44104e-10 4.45231e-10 0.319976 1.88356e-09 0.242682 1.05499
0.438711 2.22826e-11 1.01244e-10 0.321418 2.1942e-09 0.239871 1.04104
0.439997 1.25645e-12 2.6236e-11 0.32286 2.57422e-09 0.237143 1.02743
0.441207 9.45522e-14 7.67402e-12 0.324295 3.03788e-09 0.234498 1.01415
0.442348 9.22084e-15 2.50858e-12 0.325718 3.60238e-09 0.231934 1.00118
0.443425 1.13459e-15 9.07768e-13 0.327123 4.28846e-09 0.229452 0.988515
0.444443 1.71988e-16 3.60424e-13 0.328508 5.12108e-09 0.22705 0.976149
0.445407 3.14433e-17 1.55749e-13 0.329867 6.1302e-09 0.224726 0.96407
0.44632 6.80378e-18 7.27119e-14 0.3312 7.35169e-09 0.22248 0.952269
0.447186 1.71364e-18 3.643e-14 0.332503 8.82834e-09 0.220311 0.940736
0.448009 4.95003e-19 1.947e-14 0.333776 1.06111e-08 0.218216 0.929463
0.448791 1.61848e-19 1.10396e-14 0.335015 1.27606e-08 0.216193 0.918442
0.449536 5.92031e-20 6.60829e-15 0.336222 1.53484e-08 0.214243 0.907664
0.450245 2.39768e-20 4.15748e-15 0.337394 1.84593e-08 0.212361 0.897122
0.450921 1.06515e-20 2.73796e-15 0.338532 2.21932e-08 0.210548 0.886808
0.451566 5.14748e-21 1.88057e-15 0.339634 2.66674e-08 0.2088 0.876715
0.452182 2.68596e-21 1.34269e-15 0.340701 3.20194e-08 0.207117 0.866836
0.452771 1.50322e-21 9.93522e-16 0.341733 3.84103e-08 0.205495 0.857163
0.453334 8.96903e-22 7.59804e-16 0.34273 4.60276e-08 0.203935 0.847691
0.453874 5.67434e-22 5.9905e-16 0.343693 5.50894e-08 0.202433 0.838413
0.454391 3.78794e-22 4.85816e-16 0.344621 6.58491e-08 0.200989 0.829322
0.454886 2.65635e-22 4.04412e-16 0.345514 7.85994e-08 0.1996 0.820414
0.455361 1.94903e-22 3.44898e-16 0.346375 9.36782e-08 0.198264 0.811681
0.455818 1.49082e-22 3.00827e-16 0.347202 1.11474e-07 0.19698 0.803119
0.456257 1.18485e-22 2.67921e-16 0.347996 1.32434e-07 0.195747 0.794723
0.456678 9.75495e-23 2.4329e-16 0.348759 1.57068e-07 0.194562 0.786487
0.457084 8.29701e-23 2.24948e-16 0.349491 1.85959e-07 0.193425 0.778407
0.457475 7.27214e-23 2.11515e-16 0.350192 2.19772e-07 0.192333 0.770477
0.457852 6.55318e-23 2.02025e-16 0.350863 2.5926e-07 0.191285 0.762694
0.458215 6.05871e-23 1.95801e-16 0.351504 3.05277e-07 0.19028 0.755052
0.458566 5.73602e-23 1.92375e-16 0.352117 3.58788e-07 0.189316 0.747549
0.458904 5.55109e-23 1.91431e-16 0.352703 4.2088e-07 0.188393 0.740179
0.459231 5.48249e-23 1.92772e-16 0.353261 4.92775e-07 0.187507 0.732939
0.459548 5.51774e-23 1.96295e-16 0.353793 5.75844e-07 0.186659 0.725826
0.459854 5.65107e-23 2.01973e-16 0.354298 6.71619e-07 0.185847 0.718835
0.460151 5.88215e-23 2.09849e-16 0.354779 7.81809e-07 0.185069 0.711963
0.460438 6.21539e-23 2.2003e-16 0.355236 9.0832e-07 0.184325 0.705208
0.460717 6.65974e-23 2.32684e-16 0.355668 1.05326e-06 0.183614 0.698565
0.460987 7.22883e-23 2.48042e-16 0.356078 1.21898e-06 0.182934 0.692032
0.46125 7.9414e-23 2.66404e-16 0.356465 1.40807e-06 0.182284 0.685605
0.461505 8.82207e-23 2.88143e-16 0.35683 1.62337e-06 0.181663 0.679283
0.461753 9.90244e-23 3.13717e-16 0.357174 1.86803e-06 0.18107 0.673062
0.461995 1.12225e-22 3.43675e-16 0.357498 2.1455e-06 0.180505 0.666939
0.46223 1.28325e-22 3.78682e-16 0.357802 2.45956e-06 0.179965 0.660912
0.462459 1.47956e-22 4.19524e-16 0.358087 2.81434e-06 0.179451 0.654979
0.462682 1.71905e-22 4.67143e-16 0.358352 3.21434e-06 0.178962 0.649138
0.4629 2.0116e-22 5.22653e-16 0.3586 3.66448e-06 0.178496 0.643385
0.463113 2.36953e-22 5.87378e-16 0.35883 4.17009e-06 0.178052 0.637719
0.463321 2.80829e-22 6.62886e-16 0.359044 4.73694e-06 0.177631 0.632138
0.463524 3.3472e-22 7.51038e-16 0.35924 5.37131e-06 0.177231 0.62664
0.463722 4.01051e-22 8.54038e-16 0.359421 6.07995e-06 0.176851 0.621222
0.463916 4.82859e-22 9.745e-16 0.359586 6.87015e-06 0.17649 0.615883
0.464106 5.83962e-22 1.11552e-15 0.359737 7.74975e-06 0.176149 0.610621
0.464293 7.09154e-22 1.28078e-15 0.359873 8.7272e-06 0.175826 0.605435
0.41524 0.0336762 3.60743e-07 0.303247 6.05214e-10 0.247837 1.1488
0.423241 0.0158529 5.31456e-07 0.309219 7.9307e-10 0.251687 1.13094
0.429842 0.00196165 3.42547e-07 0.314251 9.88692e-10 0.253946 1.11462
0.432289 3.58157e-05 6.72038e-08 0.316139 1.13374e-09 0.251536 1.09916
0.433975 5.35288e-07 1.06308e-08 0.317562 1.28493e-09 0.248462 1.08407
0.435541 1.10205e-08 1.8517e-09 0.319003 1.46872e-09 0.245456 1.06936
0.437006 3.27882e-10 3.70092e-10 0.320461 1.69518e-09 0.242532 1.05501
0.438381 1.38356e-11 8.49669e-11 0.321927 1.97358e-09 0.239692 1.04102
0.439673 8.02989e-13 2.2235e-11 0.323392 2.31462e-09 0.236934 1.02737
0.44089 6.21055e-14 6.56711e-12 0.32485 2.73117e-09 0.23426 1.01405
0.442037 6.21496e-15 2.16711e-12 0.326295 3.2388e-09 0.231668 1.00105
0.44312 7.83502e-16 7.91384e-13 0.327722 3.85632e-09 0.229158 0.988354
0.444143 1.21502e-16 3.1698e-13 0.329128 4.60639e-09 0.226728 0.975961
0.445112 2.26928e-17 1.3813e-13 0.330509 5.51623e-09 0.224379 0.963858
0.446031 5.00971e-18 6.50067e-14 0.331862 6.61848e-09 0.222107 0.952034
0.446902 1.28574e-18 3.28206e-14 0.333186 7.95213e-09 0.219912 0.940481
0.44773 3.78023e-19 1.767e-14 0.334478 9.56365e-09 0.217792 0.92919
0.448517 1.25672e-19 1.00895e-14 0.335737 1.15083e-08 0.215746 0.918153
0.449266 4.66948e-20 6.08014e-15 0.336962 1.38516e-08 0.213772 0.907361
0.449979 1.91919e-20 3.84977e-15 0.338153 1.66709e-08 0.211868 0.896806
0.45066 8.64518e-21 2.55088e-15 0.339309 2.00578e-08 0.210032 0.88648
0.451309 4.23304e-21 1.76236e-15 0.340429 2.41198e-08 0.208263 0.876377
0.451929 2.23635e-21 1.26536e-15 0.341513 2.89831e-08 0.206558 0.866488
0.452521 1.26634e-21 9.41343e-16 0.342562 3.47954e-08 0.204916 0.856808
