0.384426 2.63695e-41 1.98022e-135 0.316957 1.91555e-218 0.298617 0.525851
0.386687 1.43892e-34 1.05587e-129 0.317323 2.36525e-203 0.29599 0.489135
0.388761 1.32976e-28 5.42855e-124 0.317876 5.41934e-190 0.293363 0.457759
0.390696 2.37692e-23 1.76776e-118 0.318578 3.89675e-178 0.290726 0.430626
0.392531 9.66137e-19 3.00382e-113 0.3194 1.42747e-167 0.28807 0.406916
0.394294 1.04892e-14 2.46699e-108 0.320319 4.0844e-158 0.285387 0.386
0.396009 3.50668e-11 9.60575e-104 0.32132 1.32253e-149 0.282671 0.367391
0.397697 4.00407e-08 1.77125e-99 0.322389 6.69876e-142 0.279914 0.350709
0.399358 1.56927e-05 1.49567e-95 0.323517 7.18032e-135 0.277109 0.33565
0.399947 0.00138395 4.43441e-92 0.324741 2.40831e-128 0.273929 0.321968
0.393844 0.0112774 2.70846e-89 0.326293 4.15906e-122 0.268585 0.309485
0.385141 0.0246004 6.18722e-87 0.328016 3.21387e-116 0.262242 0.298066
0.376985 0.0373672 9.17623e-85 0.329779 9.59048e-111 0.255868 0.287568
0.369478 0.0494442 1.01194e-82 0.331573 1.1682e-105 0.249505 0.277873
0.362559 0.0609004 8.6949e-81 0.333399 6.33563e-101 0.243142 0.268882
0.356168 0.0718035 5.97215e-79 0.335256 1.663e-96 0.236773 0.260511
0.350251 0.082214 3.33998e-77 0.337145 2.27598e-92 0.23039 0.252691
0.344761 0.0921845 1.5441e-75 0.339066 1.73338e-88 0.223989 0.245362
0.339655 0.10176 5.98012e-74 0.341018 7.7738e-85 0.217566 0.238474
0.334897 0.11098 1.96386e-72 0.343003 2.1562e-81 0.211121 0.231982
0.384179 2.09877e-41 2.48073e-135 0.316896 8.95857e-215 0.298924 0.526068
0.386417 1.51091e-34 1.25384e-129 0.317265 1.09788e-199 0.296318 0.489376
0.388469 1.76065e-28 6.18641e-124 0.31782 2.46326e-186 0.293711 0.458021
0.390383 3.81858e-23 1.94961e-118 0.318524 1.71619e-174 0.291093 0.430907
0.392199 1.82133e-18 3.224e-113 0.319346 6.04068e-164 0.288456 0.407213
0.393944 2.25132e-14 2.58519e-108 0.320265 1.65012e-154 0.285791 0.386312
0.395644 8.31864e-11 9.83165e-104 0.321265 5.0804e-146 0.283091 0.367717
0.397317 1.01277e-07 1.76102e-99 0.322332 2.44777e-138 0.280351 0.351046
0.398946 3.92737e-05 1.40359e-95 0.323458 2.53619e-131 0.277556 0.335997
0.398589 0.00258807 3.40137e-92 0.324718 8.99193e-125 0.274106 0.322324
0.391049 0.014298 1.63653e-89 0.326326 1.71521e-118 0.268327 0.309859
0.382235 0.0277614 3.47143e-87 0.328051 1.34631e-112 0.261953 0.298458
0.374086 0.0405215 5.01063e-85 0.329807 3.95473e-107 0.255585 0.287977
0.366601 0.0525728 5.45057e-83 0.331593 4.6737e-102 0.249233 0.278297
0.359716 0.0639894 4.64781e-81 0.333409 2.43416e-97 0.242886 0.269319
0.353369 0.0748407 3.17993e-79 0.335254 6.0845e-93 0.236536 0.26096
0.347506 0.0851885 1.7762e-77 0.337129 7.87312e-89 0.230176 0.25315
0.342078 0.0950866 8.21881e-76 0.339035 5.63366e-85 0.2238 0.24583
0.337041 0.104582 3.19157e-74 0.340972 2.36078e-81 0.217406 0.238949
0.332357 0.113713 1.05253e-72 0.342938 6.08896e-78 0.210992 0.232464
0.38393 2.39103e-41 3.38155e-135 0.316831 1.30477e-210 0.299239 0.526336
0.386143 2.26296e-34 1.60619e-129 0.317203 1.56353e-195 0.296655 0.489668
0.388172 3.31235e-28 7.54704e-124 0.31776 3.38917e-182 0.294068 0.458335
0.390065 8.6784e-23 2.28546e-118 0.318464 2.25966e-170 0.291471 0.431241
0.39186 4.8315e-18 3.65299e-113 0.319287 7.55394e-160 0.288852 0.407565
0.393588 6.75243e-14 2.83967e-108 0.320206 1.94891e-150 0.286206 0.386679
0.395271 2.7292e-10 1.04597e-103 0.321204 5.65189e-142 0.283525 0.368098
0.396927 3.47223e-07 1.79605e-99 0.32227 2.57522e-134 0.280803 0.351439
0.398475 0.000124466 1.29985e-95 0.323396 2.60837e-127 0.278005 0.3364
0.396318 0.00493076 2.28685e-92 0.324724 1.04416e-120 0.274026 0.322739
0.387586 0.0181489 8.60862e-90 0.326377 2.20709e-114 0.267887 0.310297
0.378741 0.0316537 1.70234e-87 0.328096 1.73869e-108 0.261509 0.298917
0.370622 0.0443772 2.38568e-85 0.329843 4.97314e-103 0.255157 0.288455
0.363182 0.0563756 2.55236e-83 0.331616 5.63763e-98 0.248826 0.278791
0.356351 0.0677261 2.15412e-81 0.333417 2.78615e-93 0.242506 0.269828
0.350069 0.0784996 1.46454e-79 0.335246 6.5502e-89 0.236186 0.261483
0.344278 0.0887592 8.15329e-78 0.337104 7.91151e-85 0.229859 0.253684
0.338929 0.09856 3.76924e-76 0.33899 5.24967e-81 0.223521 0.246374
0.333978 0.10795 1.46536e-74 0.340906 2.02832e-77 0.217167 0.239502
0.329385 0.116969 4.84665e-73 0.342851 4.79949e-74 0.210796 0.233024
0.383678 3.89518e-41 5.01687e-135 0.31676 6.38387e-206 0.299562 0.526654
0.385865 4.82983e-34 2.22013e-129 0.317135 7.36498e-191 0.296999 0.490013
0.38787 8.84572e-28 9.85815e-124 0.317695 1.52097e-177 0.294435 0.458703
0.389742 2.787e-22 2.84824e-118 0.318401 9.58055e-166 0.291858 0.43163
0.391516 1.80081e-17 4.36958e-113 0.319224 3.00588e-155 0.28926 0.407972
0.393224 2.82343e-13 3.26828e-108 0.320142 7.24598e-146 0.286633 0.387102
0.394889 1.2324e-09 1.15485e-103 0.321139 1.96204e-137 0.283971 0.368535
0.396528 1.59086e-06 1.86719e-99 0.322202 8.43264e-130 0.281268 0.351889
0.397792 0.000462921 1.14268e-95 0.323336 8.6358e-123 0.278409 0.33686
0.392904 0.00870552 1.28838e-92 0.324769 4.22149e-116 0.273621 0.323216
0.383532 0.0227342 3.93782e-90 0.326441 9.65294e-110 0.267292 0.310801
0.37471 0.0362119 7.31237e-88 0.328149 7.51449e-104 0.260929 0.299445
0.366644 0.0488718 9.93626e-86 0.329882 2.0671e-98 0.254602 0.289004
0.359267 0.0607919 1.04284e-83 0.331638 2.22002e-93 0.248302 0.27936
0.352511 0.0720515 8.68802e-82 0.333421 1.02786e-88 0.242017 0.270413
0.34631 0.0827232 5.85537e-80 0.335229 2.24305e-84 0.235738 0.262082
0.340608 0.0928712 3.24181e-78 0.337064 2.49501e-80 0.229456 0.254296
0.335355 0.102552 1.49441e-76 0.338927 1.51426e-76 0.223166 0.246997
0.330504 0.111814 5.80655e-75 0.340817 5.31968e-73 0.216864 0.240134
0.326018 0.120699 1.92332e-73 0.342735 1.13864e-69 0.210548 0.233663
0.383425 9.06932e-41 8.10322e-135 0.316685 1.14413e-200 0.299891 0.527023
0.385585 1.4682e-33 3.31212e-129 0.317063 1.2504e-185 0.297351 0.490409
0.387566 3.35126e-27 1.37909e-123 0.317625 2.42467e-172 0.294809 0.459124
0.389414 1.26366e-21 3.77403e-118 0.318333 1.42391e-160 0.292253 0.432073
0.391167 9.41744e-17 5.517e-113 0.319157 4.14241e-150 0.289677 0.408434
0.392855 1.64119e-12 3.93819e-108 0.320074 9.23144e-141 0.287071 0.387581
0.394501 7.60551e-09 1.31944e-103 0.32107 2.3165e-132 0.28443 0.369029
0.396116 9.48144e-06 1.95312e-99 0.32213 9.43497e-125 0.281745 0.352395
0.396364 0.0017261 8.79525e-96 0.3233 1.06016e-117 0.278609 0.337377
0.388519 0.0136944 6.00461e-93 0.324843 6.61563e-111 0.272944 0.32376
0.378964 0.0279575 1.57192e-90 0.326512 1.57403e-104 0.266567 0.311374
0.370198 0.0413676 2.75938e-88 0.328205 1.19068e-98 0.26023 0.300045
0.362204 0.0539393 3.63172e-86 0.329918 3.10767e-93 0.253939 0.289628
0.354909 0.0657576 3.73005e-84 0.331654 3.12021e-88 0.247679 0.280005
0.348243 0.0769037 3.05957e-82 0.333413 1.33519e-83 0.24144 0.271076
0.34214 0.0874517 2.03897e-80 0.335197 2.66741e-79 0.235211 0.262761
0.336542 0.097467 1.12008e-78 0.337006 2.69409e-75 0.228985 0.254989
0.331398 0.107007 5.13804e-77 0.33884 1.47421e-71 0.222754 0.247701
0.326662 0.116122 1.99165e-75 0.340701 4.64083e-68 0.216515 0.240847
0.322293 0.124853 6.59612e-74 0.342589 8.85429e-65 0.210265 0.234384
0.383169 3.0181e-40 1.42542e-134 0.316605 8.29272e-195 0.300226 0.527444
0.385303 6.35661e-33 5.33471e-129 0.316987 8.44117e-180 0.29771 0.490859
0.387258 1.80087e-26 2.06663e-123 0.317551 1.51385e-166 0.295191 0.4596
0.389082 8.08496e-21 5.31715e-118 0.31826 8.17556e-155 0.292658 0.432571
0.390812 6.89994e-16 7.34989e-113 0.319085 2.17839e-144 0.290103 0.408952
0.392479 1.32119e-11 4.96096e-108 0.320002 4.44231e-135 0.287519 0.388117
0.394106 6.34038e-08 1.55171e-103 0.320995 1.02801e-126 0.284899 0.36958
0.395655 6.92177e-05 1.99485e-99 0.322055 4.05819e-119 0.282222 0.352959
0.393234 0.00512175 5.27949e-96 0.323323 5.8017e-112 0.278321 0.337956
0.383486 0.0194882 2.35361e-93 0.32493 4.4421e-105 0.272095 0.324375
0.373947 0.0337361 5.50553e-91 0.326584 1.05961e-98 0.265733 0.312021
0.365259 0.0470514 9.1778e-89 0.328257 7.65759e-93 0.259433 0.300721
0.357354 0.0595124 1.16852e-86 0.329948 1.86931e-87 0.253186 0.29033
0.350158 0.0712074 1.17161e-84 0.331659 1.73008e-82 0.246976 0.280729
0.343597 0.0822196 9.43668e-83 0.333391 6.74559e-78 0.240793 0.27182
0.337606 0.0926242 6.20256e-81 0.335145 1.21593e-73 0.234625 0.263521
0.332125 0.102488 3.37276e-79 0.336923 1.09877e-69 0.228464 0.255764
0.327102 0.11187 1.53625e-77 0.338726 5.34024e-66 0.222302 0.248488
0.322491 0.12082 5.9293e-76 0.340553 1.48376e-62 0.216137 0.241644
0.31825 0.129381 1.96012e-74 0.342405 2.48498e-59 0.209964 0.23519
0.382913 1.43627e-39 2.73189e-134 0.31652 2.72266e-188 0.300567 0.527917
0.385018 3.92144e-32 9.27978e-129 0.316906 2.53577e-173 0.298076 0.491362
0.386947 1.37289e-25 3.31813e-123 0.317473 4.13995e-160 0.29558 0.46013
0.388747 7.2964e-20 7.96472e-118 0.318184 2.02709e-148 0.29307 0.433125
0.390454 7.07025e-15 1.03246e-112 0.319008 4.88603e-138 0.290538 0.409526
0.392099 1.46465e-10 6.51672e-108 0.319925 9.03356e-129 0.287976 0.388709
0.393705 6.9873e-07 1.85905e-103 0.320916 1.92923e-120 0.285379 0.370188
0.394866 0.000529795 1.83998e-99 0.321987 7.93462e-113 0.282617 0.353581
0.388307 0.0107695 2.35097e-96 0.323405 1.66814e-105 0.277518 0.338605
0.378005 0.0258385 7.93608e-94 0.325019 1.42174e-98 0.271137 0.325063
0.368541 0.0399959 1.70118e-91 0.326652 3.30026e-92 0.264811 0.312745
0.359948 0.0531943 2.69951e-89 0.3283 2.24036e-86 0.258557 0.301476
0.352148 0.0655242 3.31954e-87 0.329964 5.03889e-81 0.252363 0.291112
0.345064 0.0770766 3.24089e-85 0.331646 4.23578e-76 0.246213 0.281535
0.338622 0.0879364 2.55627e-83 0.333347 1.4825e-71 0.240095 0.272648
0.332754 0.0981805 1.6528e-81 0.335069 2.37483e-67 0.233997 0.264367
0.327401 0.107877 8.8745e-80 0.336812 1.89067e-63 0.227911 0.256624
0.322509 0.117085 4.00478e-78 0.338578 8.03491e-60 0.221829 0.249361
0.318031 0.125855 1.53594e-76 0.340368 1.9394e-56 0.215746 0.242528
0.313926 0.134233 5.05915e-75 0.342181 2.80594e-53 0.20966 0.236081
0.382655 9.78462e-39 5.70718e-134 0.316431 4.61222e-181 0.300914 0.528443
0.384732 3.45018e-31 1.74399e-128 0.31682 3.85748e-166 0.298448 0.49192
0.386634 1.48562e-24 5.70909e-123 0.31739 5.63883e-153 0.295975 0.460715
0.388408 9.28497e-19 1.26821e-117 0.318103 2.46682e-141 0.293489 0.433734
0.390092 1.01066e-13 1.5274e-112 0.318928 5.3131e-131 0.29098 0.410158
0.391715 2.21484e-09 8.88651e-108 0.319844 8.84148e-122 0.288442 0.389359
0.393292 9.70482e-06 2.21688e-103 0.320833 1.76831e-113 0.285865 0.370854
0.392488 0.00297485 1.28358e-99 0.321973 9.15085e-106 0.282564 0.354262
0.382482 0.0175389 8.22726e-97 0.323507 2.80607e-98 0.276472 0.339329
0.372168 0.0326297 2.34119e-94 0.325103 2.45263e-91 0.2701 0.32583
0.362802 0.0466678 4.66033e-92 0.326711 5.40757e-85 0.26382 0.31355
0.354319 0.0597293 7.04399e-90 0.32833 3.39038e-79 0.257622 0.302314
0.346638 0.0719096 8.34887e-88 0.329963 6.91665e-74 0.25149 0.291979
0.339678 0.0833022 7.91554e-86 0.331611 5.19954e-69 0.245408 0.282428
0.333365 0.0939937 6.09709e-84 0.333277 1.60812e-64 0.239364 0.273562
0.32763 0.104062 3.86752e-82 0.334962 2.2531e-60 0.233346 0.265299
0.322413 0.113577 2.04543e-80 0.336666 1.55489e-56 0.227344 0.257572
0.317659 0.122598 9.12401e-79 0.338392 5.68359e-53 0.22135 0.250322
0.313321 0.131178 3.47007e-77 0.340141 1.17202e-49 0.21536 0.243499
0.309358 0.13936 1.13674e-75 0.341911 1.44026e-46 0.209371 0.237062
0.382397 9.55763e-38 1.30031e-133 0.316336 4.68357e-173 0.301267 0.529022
0.384445 4.33516e-30 3.5424e-128 0.31673 3.44862e-158 0.298825 0.492532
0.38632 2.28376e-23 1.05278e-122 0.317304 4.43567e-145 0.296377 0.461356
0.388068 1.66524e-17 2.14555e-117 0.318018 1.70767e-133 0.293914 0.434401
0.389727 2.00716e-12 2.3747e-112 0.318843 3.24794e-123 0.291429 0.410847
0.391327 4.48781e-08 1.24723e-107 0.319758 4.85091e-114 0.288915 0.390068
0.39277 0.000148853 2.46723e-103 0.32075 9.62044e-106 0.286331 0.371579
0.387369 0.00884807 5.81053e-100 0.322049 8.2135e-98 0.281733 0.355015
0.376258 0.0248044 2.41945e-97 0.323606 3.08545e-90 0.275332 0.340133
0.366034 0.0397876 6.11006e-95 0.325176 2.63e-83 0.269002 0.326679
0.356782 0.0536861 1.1366e-92 0.326754 5.39147e-77 0.262778 0.314439
0.348423 0.0665927 1.63524e-90 0.32834 3.06867e-71 0.256644 0.303239
0.340872 0.0786067 1.86368e-88 0.329938 5.58567e-66 0.250583 0.292934
0.334047 0.0898243 1.71108e-86 0.331549 3.69367e-61 0.24458 0.283409
0.327872 0.100334 1.28346e-84 0.333176 9.92746e-57 0.238619 0.274566
0.322277 0.110215 7.96554e-83 0.334819 1.19595e-52 0.232689 0.266322
0.317202 0.119537 4.13908e-81 0.336482 7.03073e-49 0.226779 0.258611
0.312592 0.128361 1.82085e-79 0.338164 2.17144e-45 0.220883 0.251375
0.308399 0.136739 6.85294e-78 0.339867 3.75654e-42 0.214995 0.244563
0.304581 0.144717 2.22845e-76 0.341592 3.84888e-39 0.20911 0.238133
0.382139 1.34149e-36 3.23298e-133 0.316238 3.39078e-164 0.301624 0.529655
0.384158 7.7933e-29 7.78007e-128 0.316636 2.15231e-149 0.299207 0.4932
0.386004 4.99221e-22 2.08081e-122 0.317212 2.39143e-136 0.296783 0.462054
0.387726 4.20478e-16 3.85345e-117 0.317929 7.977e-125 0.294345 0.435125
0.38936 5.49754e-11 3.86578e-112 0.318755 1.32573e-114 0.291885 0.411594
0.390935 1.17189e-06 1.76852e-107 0.319669 1.79152e-105 0.289395 0.390835
0.391133 0.00167437 2.10283e-103 0.320703 4.28485e-97 0.28649 0.372364
0.380923 0.0163825 1.87827e-100 0.322158 6.50209e-89 0.280537 0.355848
0.369767 0.0324026 6.20046e-98 0.323693 2.57002e-81 0.274137 0.34102
0.359657 0.0472484 1.42119e-95 0.325232 2.06619e-74 0.267862 0.327615
0.350532 0.060989 2.4765e-93 0.326776 3.85899e-68 0.261703 0.315417
0.342308 0.0737243 3.38612e-91 0.328326 1.95818e-62 0.255642 0.304253
0.334897 0.0855575 3.70107e-89 0.329885 3.12409e-57 0.249661 0.293981
0.328215 0.0965871 3.28112e-87 0.331454 1.78474e-52 0.243744 0.284483
0.322184 0.106903 2.38986e-85 0.333038 4.09192e-48 0.237875 0.275663
0.316736 0.116586 1.44734e-83 0.334637 4.15818e-44 0.232041 0.267439
0.311807 0.125706 7.37096e-82 0.336254 2.04154e-40 0.226233 0.259744
0.307344 0.134325 3.19067e-80 0.337889 5.21923e-37 0.220442 0.252521
0.303298 0.142495 1.18591e-78 0.339544 7.41466e-34 0.214663 0.24572
0.299627 0.150263 3.82113e-77 0.341219 6.19422e-31 0.208891 0.239299
0.381881 2.71283e-35 8.77782e-133 0.316134 2.14059e-154 0.301985 0.530344
0.38387 2.00884e-27 1.84839e-127 0.316537 1.14527e-139 0.299594 0.493923
0.385688 1.55336e-20 4.40771e-122 0.317117 1.07804e-126 0.297195 0.462809
0.387383 1.49137e-14 7.33606e-117 0.317836 3.06677e-115 0.294782 0.435908
0.388992 2.04707e-09 6.54346e-112 0.318663 4.42028e-105 0.292346 0.4124
0.390515 3.54179e-05 2.4083e-107 0.319577 5.63478e-96 0.289873 0.391662
0.386106 0.0074293 1.02558e-103 0.320764 2.41011e-87 0.285701 0.37322
0.37412 0.0243635 4.96845e-101 0.32226 5.05074e-79 0.279257 0.356767
0.363066 0.0402646 1.40987e-98 0.323764 1.94556e-71 0.272906 0.341997
0.353084 0.0549535 2.96178e-96 0.325268 1.43582e-64 0.266695 0.328641
0.344098 0.0685195 4.83543e-94 0.326773 2.39223e-58 0.260609 0.316487
0.336019 0.0810689 6.26988e-92 0.328282 1.0606e-52 0.25463 0.305361
0.328756 0.0927085 6.55428e-90 0.329797 1.45294e-47 0.248738 0.295122
0.322223 0.103539 5.59483e-88 0.331322 7.01898e-43 0.242916 0.285652
0.316342 0.113652 3.94637e-86 0.33286 1.34213e-38 0.237147 0.276856
0.311043 0.123128 2.32631e-84 0.334411 1.12313e-34 0.231418 0.268652
0.306264 0.13204 1.15848e-82 0.335978 4.48783e-31 0.225719 0.260974
0.301949 0.140447 4.92433e-81 0.337563 9.23458e-28 0.220041 0.253764
0.29805 0.148405 1.80428e-79 0.339166 1.04471e-24 0.214378 0.246973
0.294526 0.15596 5.75166e-78 0.340789 6.87699e-22 0.208726 0.24056
0.381624 7.92994e-34 2.60459e-132 0.316026 1.49057e-143 0.30235 0.531087
0.383582 7.44357e-26 4.75259e-127 0.316434 6.56108e-129 0.299984 0.494704
0.385372 6.88473e-19 1.00034e-121 0.317018 5.12444e-116 0.297611 0.463622
0.387039 7.39369e-13 1.47634e-116 0.317739 1.22384e-104 0.295222 0.436749
0.388622 1.0042e-07 1.13485e-111 0.318566 1.53031e-94 0.292811 0.413267
0.389476 0.000835926 2.62098e-107 0.319502 2.19096e-85 0.290186 0.392549
0.379193 0.015541 3.1728e-104 0.320873 2.04531e-76 0.284393 0.374161
0.367129 0.032583 1.14231e-101 0.322344 4.61893e-68 0.277944 0.357777
0.3562 0.0483349 2.87306e-99 0.323812 1.65772e-60 0.271653 0.343066
0.346359 0.0628489 5.55355e-97 0.325277 1.09333e-53 0.265515 0.329763
0.337523 0.0762251 8.48596e-95 0.32674 1.5855e-47 0.259512 0.317654
0.329597 0.0885757 1.04107e-92 0.328204 5.98769e-42 0.253624 0.306567
0.322487 0.100011 1.03814e-90 0.329672 6.85314e-37 0.247829 0.296361
0.316108 0.110633 8.51125e-89 0.331149 2.71603e-32 0.242109 0.28692
0.31038 0.120536 5.80064e-87 0.332636 4.18555e-28 0.236448 0.278148
0.305233 0.1298 3.32174e-85 0.334136 2.77246e-24 0.230831 0.269965
0.300603 0.138498 1.61503e-83 0.335651 8.60284e-21 0.225248 0.262304
0.296436 0.146691 6.73396e-82 0.337183 1.34537e-17 0.21969 0.255107
0.292684 0.154433 2.43117e-80 0.338732 1.12696e-14 0.21415 0.248327
0.289305 0.161771 7.67055e-79 0.340299 5.30625e-12 0.208625 0.241921
0.381367 3.36345e-32 8.45398e-132 0.315913 1.50856e-131 0.302719 0.531887
0.383295 3.97587e-24 1.32315e-126 0.316326 5.32052e-117 0.300378 0.495542
0.385056 4.3459e-17 2.43069e-121 0.316914 3.37165e-104 0.29803 0.464494
0.386696 5.0696e-11 3.12443e-116 0.317638 6.66073e-93 0.295667 0.43765
0.388248 5.9655e-06 1.9409e-111 0.318467 7.4026e-83 0.29328 0.414193
0.38486 0.00608636 1.48845e-107 0.319538 1.93864e-73 0.289516 0.393506
0.371958 0.0240611 7.81596e-105 0.320971 2.89322e-64 0.28301 0.375195
0.360001 0.0409811 2.33984e-102 0.322407 6.30421e-56 0.276612 0.358881
0.349211 0.0565633 5.28353e-100 0.323835 2.02804e-48 0.270391 0.344232
0.339523 0.0708858 9.40922e-98 0.325255 1.15629e-41 0.264335 0.330983
0.330845 0.0840586 1.34391e-95 0.326672 1.40849e-35 0.258424 0.318921
0.323078 0.0961992 1.55707e-93 0.328087 4.34851e-30 0.252635 0.307874
0.316128 0.107421 1.47872e-91 0.329505 3.95589e-25 0.246946 0.297703
0.309905 0.117828 1.16312e-89 0.33093 1.20724e-20 0.241337 0.288291
0.304331 0.127515 7.65796e-88 0.332364 1.37749e-16 0.23579 0.279544
0.299335 0.136562 4.2659e-86 0.33381 6.39832e-13 0.230292 0.271381
0.294855 0.145044 2.03316e-84 0.33527 1.2753e-09 0.224832 0.263736
0.290834 0.153021 8.39906e-83 0.336745 1.07283e-06 0.219399 0.256552
0.287056 0.160691 3.0787e-81 0.338188 0.000279161 0.213786 0.249782
0.280465 0.170554 1.0603e-79 0.338634 0.00609989 0.204246 0.243391
0.381113 2.07906e-30 3.00499e-131 0.315796 3.07339e-118 0.303091 0.532745
0.38301 3.0699e-22 3.99091e-126 0.316214 8.43333e-104 0.300776 0.496439
0.384741 3.89907e-15 6.31486e-121 0.316807 4.23067e-91 0.298452 0.465425
0.386353 4.69362e-09 6.87954e-116 0.317533 6.8341e-80 0.296114 0.438612
0.387632 0.000310691 2.8318e-111 0.318371 7.66637e-70 0.293686 0.415181
0.377636 0.0145892 4.62575e-108 0.319642 5.26386e-60 0.288133 0.394554
0.364601 0.0327451 1.67287e-105 0.321047 8.59113e-51 0.281607 0.376326
0.352774 0.049511 4.32853e-103 0.322443 1.68712e-42 0.275273 0.360085
0.342137 0.0649044 8.83033e-101 0.323826 4.62229e-35 0.269132 0.3455
0.332613 0.0790203 1.45039e-98 0.325199 2.14807e-28 0.263168 0.332306
0.3241 0.0919777 1.9373e-96 0.326565 2.03434e-22 0.257358 0.320292
0.316497 0.103899 2.12338e-94 0.327928 4.59292e-17 0.251676 0.309286
0.309708 0.1149 1.92971e-92 0.329293 2.77677e-12 0.246099 0.29915
0.303644 0.125087 1.47451e-90 0.330662 4.6444e-08 0.240607 0.289767
0.298131 0.134632 9.78439e-89 0.332014 0.000150131 0.235073 0.281044
0.288783 0.147084 6.41577e-87 0.33203 0.0078961 0.224207 0.272915
0.276557 0.161689 3.83407e-85 0.331057 0.0214384 0.209259 0.265369
0.264992 0.175617 1.86442e-83 0.330197 0.0345895 0.194605 0.258343
0.254126 0.18885 7.413e-82 0.32947 0.0472236 0.180331 0.251778
0.24392 0.201431 2.45117e-80 0.328871 0.0593479 0.16643 0.245621
0.380861 1.88223e-28 1.17147e-130 0.315674 1.85578e-103 0.303465 0.53366
0.382727 3.43538e-20 1.30504e-125 0.316098 3.82927e-89 0.301175 0.497396
0.384428 4.94134e-13 1.74944e-120 0.316695 1.47839e-76 0.298877 0.466418
0.386012 5.51218e-07 1.53464e-115 0.317424 1.95221e-65 0.296564 0.439636
0.383884 0.00450304 2.11855e-111 0.318369 3.66822e-55 0.293245 0.416236
0.370097 0.0234997 1.10973e-108 0.319732 4.78354e-45 0.286672 0.3957
0.357163 0.0415428 3.21765e-106 0.321098 7.16782e-36 0.280196 0.377558
0.345483 0.0581307 7.33009e-104 0.322449 1.15684e-27 0.273937 0.361393
0.335013 0.0733175 1.36077e-101 0.323783 2.39105e-20 0.267886 0.346873
0.325659 0.0872132 2.08001e-99 0.325104 7.3945e-14 0.262023 0.333736
0.317318 0.0999449 2.65473e-97 0.326416 3.52593e-08 0.256321 0.32177
0.309349 0.112069 3.06201e-95 0.327569 0.000897398 0.250115 0.310806
0.294463 0.129379 4.10169e-93 0.326424 0.0151086 0.234626 0.300761
0.279232 0.146718 4.4587e-91 0.325047 0.0309916 0.218012 0.291578
0.264991 0.163046 3.62921e-89 0.323846 0.0461759 0.201942 0.283138
0.2517 0.178419 2.26265e-87 0.322816 0.0606456 0.186419 0.275343
0.239299 0.192905 1.11081e-85 0.321951 0.0744197 0.171425 0.268109
0.227727 0.206571 4.40661e-84 0.321241 0.0875307 0.156931 0.261368
0.216919 0.219482 1.44532e-82 0.320675 0.100017 0.142906 0.25506
0.206818 0.231699 3.99854e-81 0.320245 0.111919 0.129319 0.249137
0.380611 2.50983e-26 5.01974e-130 0.315548 5.26923e-87 0.303841 0.534635
0.382445 5.58189e-18 4.63215e-125 0.315978 7.83672e-73 0.301576 0.498413
0.384117 8.7079e-11 5.14099e-120 0.316579 2.24677e-60 0.299303 0.467472
0.38562 6.54862e-05 3.15427e-115 0.317313 2.55635e-49 0.297001 0.440722
0.376539 0.0131709 7.16912e-112 0.31846 1.3652e-38 0.291829 0.417386
0.362481 0.0325227 2.33186e-109 0.319798 1.85247e-28 0.285199 0.39695
0.349677 0.0504149 5.73342e-107 0.32112 2.075e-19 0.278788 0.378897
0.338162 0.0668026 1.18316e-104 0.322421 1.93358e-11 0.272614 0.362808
0.327816 0.0818092 2.17963e-102 0.323689 8.3776e-05 0.266603 0.348355
0.310614 0.101708 5.86491e-100 0.322573 0.0140523 0.251054 0.335331
0.291554 0.122682 1.37427e-97 0.320728 0.0327095 0.232326 0.323647
0.273772 0.142322 2.18231e-95 0.319109 0.05048 0.214317 0.313098
0.257245 0.160674 2.42058e-93 0.31771 0.0673152 0.197056 0.30351
0.241908 0.177817 1.9526e-91 0.316521 0.0832293 0.180525 0.294742
0.227681 0.193843 1.18986e-89 0.315527 0.0982628 0.164687 0.286676
0.214478 0.208843 5.66503e-88 0.314713 0.112468 0.149499 0.279217
0.202216 0.222907 2.16994e-86 0.314066 0.125899 0.134912 0.272286
0.190817 0.236116 6.85738e-85 0.313572 0.138614 0.120881 0.265816
0.180206 0.248546 1.82665e-83 0.313219 0.150667 0.107361 0.259753
0.170317 0.260265 4.1766e-82 0.312997 0.162108 0.0943115 0.254049
0.380364 4.96256e-24 2.3736e-129 0.315417 1.22001e-68 0.304219 0.53567
0.382167 1.31745e-15 1.78996e-124 0.315853 1.22953e-54 0.301979 0.499491
0.383809 2.04801e-08 1.58411e-119 0.31646 2.47144e-42 0.299731 0.468588
0.383245 0.00258848 3.74707e-115 0.317258 3.44454e-31 0.296909 0.441872
0.368801 0.022349 1.81636e-112 0.31854 3.66172e-20 0.29031 0.41864
0.354826 0.041615 4.69542e-110 0.319835 2.63975e-10 0.283724 0.398308
0.340382 0.060684 1.39875e-107 0.320555 0.0032199 0.275159 0.380349
0.316829 0.0861238 8.43906e-105 0.318177 0.0248123 0.254057 0.364528
0.294522 0.110174 3.26946e-102 0.316027 0.0457621 0.233515 0.350577
0.273752 0.132607 7.83458e-100 0.31416 0.0655955 0.213886 0.338171
0.254512 0.153451 1.21977e-97 0.312561 0.0842701 0.195206 0.327051
0.236731 0.172791 1.29972e-95 0.311212 0.101809 0.177457 0.317008
0.220314 0.190735 9.94453e-94 0.310091 0.118268 0.160592 0.307871
0.205155 0.207402 5.70146e-92 0.309177 0.133712 0.144553 0.299506
0.191149 0.222904 2.54172e-90 0.308453 0.148217 0.129278 0.291799
0.178193 0.237351 9.09482e-89 0.3079 0.161854 0.114702 0.284661
0.166194 0.250841 2.6834e-87 0.307504 0.174694 0.100767 0.278016
0.155065 0.263464 6.67769e-86 0.307252 0.186804 0.0874147 0.271801
0.144727 0.275302 1.42802e-84 0.307132 0.198244 0.0745949 0.265965
0.13511 0.286426 2.66388e-83 0.307133 0.209071 0.0622605 0.260464
0.380121 1.46924e-21 1.25001e-128 0.315281 4.37977e-48 0.304598 0.536766
0.381893 4.51617e-13 7.61409e-124 0.315725 2.63793e-34 0.302382 0.500632
0.383501 5.62715e-06 4.96329e-119 0.316336 3.14635e-22 0.300157 0.469769
0.376117 0.0110116 1.70355e-115 0.317329 6.71512e-11 0.295543 0.443116
0.357784 0.0339482 8.17515e-113 0.31753 0.00612075 0.284617 0.420018
0.33058 0.0629126 9.3834e-110 0.314704 0.0304252 0.261378 0.400104
0.304676 0.0904711 6.12245e-107 0.312218 0.0537799 0.238855 0.382881
0.280456 0.116243 2.28678e-104 0.31008 0.0758598 0.217361 0.367844
0.258015 0.140141 5.15847e-102 0.308267 0.096581 0.196995 0.354593
0.237322 0.16221 7.44335e-100 0.30675 0.115952 0.177766 0.34281
0.218282 0.182557 7.26385e-98 0.305498 0.134029 0.159634 0.332242
0.200776 0.201317 5.04641e-96 0.304485 0.150889 0.142534 0.322688
0.184675 0.21863 2.61232e-94 0.303685 0.166621 0.126389 0.313984
0.169853 0.234634 1.04838e-92 0.303078 0.181314 0.111122 0.306002
0.15619 0.249458 3.3742e-91 0.302643 0.195056 0.096652 0.298635
0.143578 0.26322 8.96108e-90 0.302366 0.20793 0.0829072 0.291798
0.131915 0.276024 2.01039e-88 0.30223 0.220012 0.0698188 0.285418
0.121112 0.287966 3.88193e-87 0.302223 0.231374 0.057325 0.279439
0.111088 0.299128 6.54002e-86 0.302335 0.242078 0.0453697 0.273811
0.101771 0.309585 9.6823e-85 0.302556 0.252185 0.0339031 0.268493
0.379882 6.68744e-19 7.58174e-128 0.315141 4.61617e-25 0.304977 0.537924
0.381623 2.34504e-10 3.88378e-123 0.315591 9.12052e-12 0.302786 0.501837
0.380819 0.00160024 3.21932e-118 0.315324 0.00494354 0.297313 0.471023
0.352516 0.0312768 1.16686e-114 0.312057 0.0309373 0.273214 0.444853
0.323095 0.0623168 1.19444e-111 0.30918 0.0566154 0.248793 0.422704
0.295108 0.0918447 6.70169e-109 0.306729 0.0810252 0.225293 0.403774
0.268993 0.119383 2.1792e-106 0.304671 0.103957 0.202996 0.387428
0.244869 0.144804 4.29359e-104 0.302966 0.125358 0.182003 0.373167
0.222702 0.168152 5.39498e-102 0.301572 0.145255 0.162319 0.360599
0.202382 0.189548 4.56184e-100 0.300455 0.163723 0.143892 0.349417
0.183767 0.209153 2.73384e-98 0.29958 0.180856 0.126643 0.339377
0.166707 0.227132 1.2174e-96 0.298921 0.196759 0.110481 0.330287
0.151054 0.243648 4.19943e-95 0.298452 0.211536 0.0953095 0.321992
0.13667 0.258853 1.16283e-93 0.298153 0.225288 0.0810361 0.314369
0.123428 0.272883 2.66255e-92 0.298006 0.238109 0.0675733 0.307317
0.111215 0.285863 5.16264e-91 0.297997 0.250085 0.054841 0.300757
0.0999272 0.297899 8.627e-90 0.298111 0.261296 0.0427664 0.294622
0.0894753 0.309089 1.25422e-88 0.298338 0.271812 0.0312845 0.288857
0.0797783 0.319517 1.57758e-87 0.298668 0.281699 0.0203377 0.283416
0.0707706 0.329245 1.6244e-86 0.29909 0.291001 0.00989384 0.278263
0.378448 1.62043e-15 2.08693e-126 0.313919 0.00554259 0.30209 0.539161
0.374948 3.46691e-05 6.23823e-120 0.310105 0.0286112 0.286302 0.503502
0.349978 0.0253146 5.00644e-116 0.306798 0.0547331 0.263176 0.473651
0.318607 0.0582535 3.3242e-113 0.303962 0.0812422 0.237936 0.448707
0.288591 0.089773 1.33084e-110 0.301607 0.106382 0.213647 0.427658
0.260567 0.119157 3.30639e-108 0.299678 0.129926 0.190672 0.409701
0.234726 0.146192 5.15204e-106 0.298121 0.151812 0.169149 0.394209
0.21105 0.170898 5.19735e-104 0.296887 0.172073 0.149092 0.380695
0.189419 0.193408 3.54893e-102 0.295933 0.19079 0.13045 0.36878
0.169672 0.213905 1.72167e-100 0.295221 0.20807 0.113132 0.358168
0.151633 0.232583 6.21829e-99 0.294721 0.224031 0.0970316 0.348625
0.135132 0.249633 1.74442e-97 0.294406 0.23879 0.0820387 0.339969
0.12001 0.265232 3.94248e-96 0.294254 0.252459 0.0680452 0.332053
0.106122 0.279538 7.39844e-95 0.294247 0.265143 0.0549501 0.324762
0.09334 0.292693 1.17984e-93 0.294368 0.276938 0.0426607 0.318
0.0815485 0.304823 1.62185e-92 0.294605 0.287929 0.0310938 0.311693
0.0706464 0.316037 1.91903e-91 0.294946 0.298195 0.0201756 0.305779
0.0605474 0.326424 1.8571e-90 0.29538 0.3078 0.00984944 0.300206
0.0514745 0.335401 1.00944e-89 0.295661 0.316082 0.00138148 0.294932
0.0443449 0.34054 1.62548e-89 0.294792 0.320312 1.0775e-05 0.289901
