0.39235 2.63302e-59 5.25238e-98 0.344268 4.07498e-122 0.263382 0.983669
0.395847 8.51476e-75 1.72699e-93 0.344824 6.9526e-125 0.25933 0.934345
0.39888 9.03088e-86 3.10986e-88 0.345163 9.24825e-126 0.255957 0.889894
0.401517 1.31831e-93 1.23634e-82 0.345312 2.1326e-125 0.253171 0.84965
0.403811 3.22741e-99 6.32792e-77 0.345296 3.28197e-124 0.250893 0.813049
0.405805 3.16589e-103 3.02325e-71 0.345137 1.80112e-122 0.249058 0.779618
0.407535 4.60061e-106 1.11358e-65 0.344853 2.30793e-120 0.247612 0.748959
0.409031 4.89555e-108 2.82638e-60 0.344462 5.15122e-118 0.246507 0.720735
0.410316 2.29743e-109 4.63668e-55 0.34398 1.62872e-115 0.245704 0.694662
0.411412 3.28469e-110 4.75148e-50 0.343422 6.29208e-113 0.245166 0.6705
0.412337 1.08896e-110 2.99459e-45 0.342799 2.66883e-110 0.244864 0.648042
0.413106 6.83097e-111 1.1561e-40 0.342124 1.14996e-107 0.24477 0.627111
0.413732 6.96008e-111 2.74263e-36 0.341407 4.75721e-105 0.244861 0.607554
0.414227 1.0265e-110 4.02793e-32 0.340656 1.81382e-102 0.245116 0.589237
0.414602 2.00814e-110 3.69819e-28 0.339881 6.19126e-100 0.245517 0.572044
0.414865 4.87695e-110 2.1455e-24 0.339087 1.85415e-97 0.246048 0.555873
0.415025 1.39849e-109 7.94649e-21 0.338281 4.80771e-95 0.246694 0.540635
0.415089 4.56072e-109 1.89491e-17 0.33747 1.07103e-92 0.247441 0.526249
0.415064 1.64598e-108 2.9213e-14 0.336657 2.04376e-90 0.248279 0.512644
0.414955 6.45631e-108 2.89709e-11 0.335848 3.34623e-88 0.249197 0.499759
0.392221 2.56603e-60 2.00052e-97 0.344263 8.72418e-118 0.263516 0.983863
0.395702 1.11447e-75 7.51277e-93 0.344809 1.38761e-120 0.259489 0.93456
0.398719 1.52837e-86 1.50121e-87 0.345141 1.60893e-121 0.256141 0.890131
0.401339 2.79262e-94 6.46841e-82 0.345285 3.06951e-121 0.253377 0.84991
0.403616 8.32821e-100 3.52169e-76 0.345265 3.75355e-120 0.251118 0.813334
0.405593 9.72903e-104 1.76396e-70 0.345105 1.58704e-118 0.249301 0.779927
0.407306 1.65223e-106 6.73726e-65 0.344824 1.53087e-116 0.24787 0.749291
0.408784 2.02245e-108 1.75873e-59 0.344438 2.52908e-114 0.246778 0.721092
0.410052 1.07737e-109 2.95012e-54 0.343965 5.84986e-112 0.245983 0.695043
0.41113 1.72895e-110 3.07862e-49 0.343418 1.64096e-109 0.245452 0.670906
0.412036 6.37249e-111 1.9705e-44 0.34281 5.03396e-107 0.245154 0.648471
0.412787 4.40793e-111 7.71245e-40 0.342152 1.56708e-104 0.245061 0.627564
0.413394 4.91772e-111 1.85293e-35 0.341455 4.68959e-102 0.24515 0.608029
0.413871 7.89345e-111 2.75403e-31 0.340727 1.29765e-99 0.245402 0.589735
0.414227 1.67177e-110 2.5575e-27 0.339977 3.23011e-97 0.245796 0.572564
0.414471 4.37562e-110 1.49953e-23 0.339211 7.0978e-95 0.246318 0.556414
0.414612 1.34705e-109 5.60523e-20 0.338435 1.36021e-92 0.246953 0.541196
0.414657 4.70135e-109 1.34536e-16 0.337656 2.25815e-90 0.247688 0.526829
0.414612 1.81176e-108 2.07667e-13 0.336877 3.2413e-88 0.248511 0.513243
0.414484 7.58267e-108 2.03931e-10 0.336104 4.03557e-86 0.249412 0.500376
0.392084 3.12349e-61 1.25095e-96 0.344285 3.11898e-113 0.263631 0.984204
0.395547 1.77591e-76 5.27162e-92 0.344825 4.46809e-116 0.259628 0.934928
0.398547 3.08172e-87 1.14849e-86 0.345152 4.38234e-117 0.256302 0.890525
0.401149 6.91955e-95 5.27075e-81 0.345293 6.73591e-117 0.253558 0.85033
0.403409 2.47424e-100 3.00057e-75 0.345273 6.39196e-116 0.251318 0.813779
0.405368 3.39525e-104 1.54942e-69 0.345114 2.03831e-114 0.249517 0.780398
0.407063 6.65805e-107 6.03656e-64 0.344837 1.45185e-112 0.2481 0.749788
0.408523 9.27686e-109 1.59513e-58 0.344459 1.74448e-110 0.247018 0.721613
0.409772 5.55783e-110 2.69399e-53 0.343996 2.90494e-108 0.246232 0.695589
0.410831 9.92928e-111 2.82046e-48 0.343463 5.83057e-106 0.245706 0.671475
0.411719 4.03914e-111 1.80709e-43 0.342871 1.27626e-103 0.245411 0.649065
0.41245 3.06093e-111 7.07111e-39 0.342232 2.8348e-101 0.245318 0.62818
0.413039 3.71771e-111 1.69734e-34 0.341557 6.06664e-99 0.245405 0.608668
0.413496 6.46109e-111 2.51976e-30 0.340853 1.20541e-96 0.245651 0.590395
0.413832 1.4747e-110 2.33643e-26 0.34013 2.16671e-94 0.246038 0.573244
0.414057 4.14296e-110 1.36694e-22 0.339393 3.46191e-92 0.24655 0.557114
0.414178 1.36438e-109 5.09077e-19 0.338649 4.8628e-90 0.247173 0.541915
0.414204 5.0805e-109 1.21334e-15 0.337903 5.97108e-88 0.247894 0.527567
0.414139 2.0855e-108 1.84683e-12 0.33716 6.405e-86 0.248701 0.513998
0.413991 9.30055e-108 1.76022e-09 0.336423 6.03361e-84 0.249586 0.501147
0.391938 4.75557e-62 1.32391e-95 0.344336 1.86301e-108 0.263726 0.984694
0.395383 3.45041e-77 6.14995e-91 0.344872 2.32315e-111 0.259745 0.935449
0.398364 7.41505e-88 1.43511e-85 0.345197 1.87083e-112 0.256439 0.891077
0.400948 2.00888e-95 6.89251e-80 0.345337 2.25653e-112 0.253715 0.850911
0.403189 8.47842e-101 4.03236e-74 0.345319 1.62307e-111 0.251492 0.814388
0.40513 1.34816e-104 2.11041e-68 0.345164 3.82196e-110 0.249706 0.781034
0.406806 3.01666e-107 8.24904e-63 0.344893 1.97213e-108 0.248301 0.75045
0.408246 4.73472e-109 2.1711e-57 0.344525 1.69377e-106 0.247229 0.7223
0.409476 3.16092e-110 3.63428e-52 0.344074 1.99857e-104 0.24645 0.696301
0.410516 6.23564e-111 3.75954e-47 0.343555 2.82881e-102 0.245928 0.672211
0.411384 2.7794e-111 2.37586e-42 0.342982 4.3596e-100 0.245634 0.649823
0.412096 2.29277e-111 9.16206e-38 0.342364 6.82494e-98 0.24554 0.628961
0.412665 3.01427e-111 2.16686e-33 0.341712 1.03272e-95 0.245624 0.60947
0.413102 5.64308e-111 3.16934e-29 0.341034 1.45812e-93 0.245864 0.591217
0.413419 1.38174e-110 2.89506e-25 0.340339 1.8745e-91 0.246242 0.574087
0.413623 4.14973e-110 1.66743e-21 0.339633 2.15857e-89 0.246743 0.557976
0.413724 1.45676e-109 6.1014e-18 0.338922 2.20458e-87 0.247353 0.542794
0.413729 5.77026e-109 1.42244e-14 0.338211 1.98795e-85 0.24806 0.528463
0.413645 2.51749e-108 2.0967e-11 0.337505 1.58408e-83 0.248851 0.51491
0.413476 1.19567e-107 1.88851e-08 0.336807 1.12478e-81 0.249717 0.502074
0.391783 9.07332e-63 2.45339e-94 0.344414 1.86255e-103 0.263803 0.985334
0.395208 8.18918e-78 1.23387e-89 0.34495 1.95444e-106 0.259841 0.936127
0.39817 2.13321e-88 3.02915e-84 0.345275 1.25456e-107 0.256554 0.891789
0.400736 6.8472e-96 1.49566e-78 0.345417 1.15676e-107 0.253847 0.851655
0.402957 3.358e-101 8.83581e-73 0.345403 6.16099e-107 0.25164 0.815161
0.404878 6.10408e-105 4.60698e-67 0.345254 1.04904e-105 0.249867 0.781836
0.406535 1.54021e-107 1.77643e-61 0.344993 3.84767e-104 0.248473 0.751278
0.407955 2.69495e-109 4.58093e-56 0.344635 2.32167e-102 0.24741 0.723155
0.409165 1.98658e-110 7.47964e-51 0.344199 1.91089e-100 0.246636 0.69718
0.410185 4.29241e-111 7.52708e-46 0.343697 1.88011e-98 0.246118 0.673114
0.411032 2.08132e-111 4.62123e-41 0.343143 2.01331e-96 0.245824 0.650749
0.411724 1.85695e-111 1.73053e-36 0.342548 2.19464e-94 0.245728 0.629908
0.412272 2.62746e-111 3.97458e-32 0.341921 2.32198e-92 0.245807 0.610438
0.412689 5.27177e-111 5.64665e-28 0.341271 2.30583e-90 0.24604 0.592205
0.412985 1.37848e-110 5.00954e-24 0.340606 2.10013e-88 0.246409 0.575093
0.413169 4.40794e-110 2.79957e-20 0.339932 1.72804e-86 0.246899 0.559
0.41325 1.64374e-109 9.91222e-17 0.339255 1.27333e-84 0.247495 0.543835
0.413234 6.90625e-109 2.22141e-13 0.338581 8.37573e-83 0.248185 0.529519
0.413129 3.1968e-108 3.09975e-10 0.337912 4.93268e-81 0.248959 0.515982
0.41294 1.61882e-107 2.53586e-07 0.337254 2.63636e-79 0.249806 0.50316
0.391618 2.17451e-63 8.26939e-93 0.344521 3.12622e-98 0.263861 0.986126
0.395023 2.37977e-78 4.42138e-88 0.34506 2.66914e-101 0.259917 0.936962
0.397965 7.35457e-89 1.1214e-82 0.345388 1.32605e-102 0.256647 0.892662
0.40051 2.74646e-96 5.59075e-77 0.345534 9.10626e-103 0.253955 0.852563
0.402712 1.54088e-101 3.27633e-71 0.345526 3.50879e-102 0.251762 0.816102
0.404613 3.15902e-105 1.67233e-65 0.345386 4.23079e-101 0.250001 0.782806
0.406248 8.88308e-108 6.25324e-60 0.345135 1.0824e-99 0.248617 0.752277
0.407648 1.7149e-109 1.55368e-54 0.344791 4.5107e-98 0.247561 0.724179
0.408837 1.38312e-110 2.43429e-49 0.34437 2.54962e-96 0.246792 0.69823
0.409836 3.24688e-111 2.34538e-44 0.343888 1.7191e-94 0.246276 0.674187
0.410663 1.70036e-111 1.37726e-39 0.343355 1.26255e-92 0.245982 0.651844
0.411333 1.6303e-111 4.93224e-35 0.342784 9.46887e-91 0.245882 0.631025
0.411861 2.46846e-111 1.08365e-30 0.342184 6.92833e-89 0.245955 0.611574
0.412257 5.28094e-111 1.47311e-26 0.341564 4.79048e-87 0.24618 0.59336
0.412531 1.46796e-110 1.25018e-22 0.34093 3.06283e-85 0.246538 0.576266
0.412695 4.97799e-110 6.67279e-19 0.34029 1.7858e-83 0.247015 0.560189
0.412754 1.96518e-109 2.24673e-15 0.339649 9.42435e-82 0.247597 0.54504
0.412718 8.73553e-109 4.73931e-12 0.339011 4.49489e-80 0.248271 0.530739
0.412591 4.28619e-108 6.06807e-09 0.338382 1.94951e-78 0.249026 0.517215
0.412382 2.32635e-107 4.20348e-06 0.337764 7.87521e-77 0.24985 0.504405
0.391442 6.56512e-64 5.29039e-91 0.344656 8.84757e-93 0.263901 0.987073
0.394827 8.49091e-79 2.95215e-86 0.345201 5.9439e-96 0.259972 0.937957
0.397748 3.04693e-89 7.59439e-81 0.345534 2.21939e-97 0.256717 0.8937
0.400273 1.29987e-96 3.75371e-75 0.345688 1.10602e-97 0.254039 0.853639
0.402453 8.21372e-102 2.14307e-69 0.345688 3.01251e-97 0.251859 0.817212
0.404332 1.87369e-105 1.05197e-63 0.345559 2.51931e-96 0.250109 0.783947
0.405947 5.80284e-108 3.74842e-58 0.345321 4.41225e-95 0.248732 0.753447
0.407325 1.22327e-109 8.821e-53 0.344992 1.24847e-93 0.247682 0.725377
0.408493 1.06963e-110 1.30415e-47 0.34459 4.7719e-92 0.246917 0.699452
0.40947 2.70599e-111 1.18338e-42 0.344128 2.17402e-90 0.246402 0.675432
0.410276 1.51951e-111 6.54013e-38 0.343619 1.08099e-88 0.246106 0.653112
0.410924 1.5556e-111 2.20451e-33 0.343073 5.51242e-87 0.246002 0.632312
0.41143 2.506e-111 4.5605e-29 0.342502 2.75937e-85 0.246068 0.612881
0.411804 5.68725e-111 5.83821e-25 0.341912 1.31537e-83 0.246283 0.594685
0.412058 1.67297e-110 4.66228e-21 0.341312 5.85092e-82 0.246631 0.577608
0.4122 5.99257e-110 2.335e-17 0.340707 2.39812e-80 0.247094 0.561546
0.412238 2.49632e-109 7.32445e-14 0.340102 9.00277e-79 0.24766 0.546412
0.41218 1.17155e-108 1.41476e-10 0.339504 3.09822e-77 0.248317 0.532124
0.412032 6.09992e-108 1.58199e-07 0.338915 9.89281e-76 0.249053 0.518613
0.411801 3.61205e-107 7.89158e-05 0.338338 3.08241e-74 0.249782 0.505814
0.391257 2.5055e-64 6.73895e-89 0.34482 4.24575e-87 0.263923 0.988178
0.39462 3.7317e-79 3.85186e-84 0.345373 2.17077e-90 0.260007 0.939116
0.397519 1.52162e-89 9.86397e-79 0.345715 5.91612e-92 0.256766 0.894905
0.400021 7.28142e-97 4.74464e-73 0.345879 2.08477e-92 0.2541 0.854885
0.40218 5.10148e-102 2.59086e-67 0.34589 3.92227e-92 0.25193 0.818495
0.404037 1.27745e-105 1.20106e-61 0.345773 2.22831e-91 0.250189 0.785263
0.40563 4.30606e-108 4.00596e-56 0.34555 2.62209e-90 0.24882 0.754793
0.406986 9.80969e-110 8.77324e-51 0.345239 4.9532e-89 0.247774 0.72675
0.408131 9.21447e-111 1.20301e-45 0.344857 1.26068e-87 0.247012 0.70085
0.409087 2.49177e-111 1.01075e-40 0.344418 3.82693e-86 0.246496 0.676854
0.40987 1.48948e-111 5.16976e-36 0.343934 1.27198e-84 0.246197 0.654554
0.410496 1.61764e-111 1.613e-31 0.343416 4.35922e-83 0.246088 0.633775
0.41098 2.75662e-111 3.08952e-27 0.342874 1.47707e-81 0.246146 0.614362
0.411332 6.60234e-111 3.66086e-23 0.342317 4.80774e-80 0.246351 0.596183
0.411564 2.04595e-110 2.70102e-19 0.341751 1.47502e-78 0.246685 0.579121
0.411683 7.71122e-110 1.24337e-15 0.341182 4.21827e-77 0.247134 0.563075
0.4117 3.37967e-109 3.54018e-12 0.340616 1.11993e-75 0.247684 0.547954
0.41162 1.67303e-108 6.01162e-09 0.340058 2.77375e-74 0.248322 0.533678
0.411451 9.30563e-108 5.32133e-06 0.33951 6.57388e-73 0.249033 0.520178
0.4112 6.37989e-107 0.00116703 0.338952 1.7067e-71 0.24868 0.507388
0.39106 1.21354e-64 1.80375e-86 0.345013 3.47854e-81 0.263927 0.989444
0.3944 2.02777e-79 1.0361e-81 0.345577 1.30928e-84 0.260023 0.940441
0.397277 9.19262e-90 2.59142e-76 0.345931 2.52945e-86 0.256792 0.896281
0.399756 4.84416e-97 1.19027e-70 0.346107 6.14183e-87 0.254137 0.856305
0.401892 3.70418e-102 6.10086e-65 0.346131 7.79951e-87 0.251976 0.819954
0.403727 1.00439e-105 2.62178e-59 0.34603 2.94854e-86 0.250243 0.786756
0.405296 3.6414e-108 8.03672e-54 0.345824 2.28816e-85 0.248879 0.756317
0.40663 8.87148e-110 1.60865e-48 0.345533 2.83748e-84 0.247837 0.728302
0.407752 8.86952e-111 2.00961e-43 0.345173 4.73625e-83 0.247075 0.702428
0.408684 2.54283e-111 1.53595e-38 0.344758 9.44779e-82 0.246558 0.678454
0.409445 1.60626e-111 7.14359e-34 0.344301 2.0728e-80 0.246255 0.656176
0.410049 1.83856e-111 2.02682e-29 0.343812 4.71966e-79 0.246139 0.635416
0.410509 3.295e-111 3.52972e-25 0.343302 1.0713e-77 0.246188 0.616021
0.410839 8.28568e-111 3.79794e-21 0.342779 2.35888e-76 0.246382 0.597858
0.411048 2.69267e-110 2.53462e-17 0.342249 4.95113e-75 0.246703 0.580811
0.411146 1.06395e-109 1.04521e-13 0.341718 9.81404e-74 0.247136 0.564778
0.41114 4.89533e-109 2.6033e-10 0.341192 1.83533e-72 0.247668 0.549669
0.411038 2.56152e-108 3.6111e-07 0.340674 3.28099e-71 0.248287 0.535405
0.410848 1.56543e-107 0.000190187 0.340165 6.00686e-70 0.248798 0.521914
0.410589 1.37994e-106 0.0064713 0.339512 1.54717e-68 0.243428 0.509142
0.390852 7.49396e-65 1.07804e-83 0.345235 4.90544e-75 0.263914 0.990873
0.394168 1.3682e-79 6.10325e-79 0.345814 1.31493e-78 0.260018 0.941936
0.397021 6.74556e-90 1.46221e-73 0.346182 1.74901e-80 0.256797 0.897831
0.399477 3.84225e-97 6.29016e-68 0.346372 2.85155e-81 0.254151 0.857902
0.401589 3.15603e-102 2.96868e-62 0.346413 2.3885e-81 0.251998 0.821592
0.4034 9.14e-106 1.16031e-56 0.346329 5.88571e-81 0.25027 0.788431
0.404946 3.52148e-108 3.20768e-51 0.346143 2.95678e-80 0.248911 0.758024
0.406256 9.07869e-110 5.75933e-46 0.345873 2.36701e-79 0.247871 0.730037
0.407355 9.57112e-111 6.43406e-41 0.345537 2.55212e-78 0.247108 0.704188
0.408263 2.88509e-111 4.3911e-36 0.345148 3.29979e-77 0.246588 0.680238
0.409 1.91168e-111 1.82259e-31 0.34472 4.71959e-76 0.24628 0.657981
0.409581 2.29101e-111 4.61315e-27 0.344263 7.05994e-75 0.246156 0.63724
0.410018 4.2927e-111 7.15896e-23 0.343786 1.06275e-73 0.246195 0.617862
0.410325 1.12749e-110 6.84204e-19 0.343298 1.56902e-72 0.246377 0.599714
0.410511 3.82583e-110 4.02355e-15 0.342805 2.23649e-71 0.246684 0.582681
0.410586 1.57981e-109 1.43428e-11 0.342314 3.05724e-70 0.2471 0.56666
0.410558 7.62898e-109 2.93415e-08 0.341828 4.0282e-69 0.247614 0.551562
0.410434 4.27658e-108 2.75163e-05 0.341352 5.31406e-68 0.248186 0.537308
0.410227 3.17398e-107 0.00310595 0.340797 8.83708e-67 0.24587 0.523827
0.409977 3.40185e-106 0.0146803 0.340005 2.35174e-65 0.235338 0.511098
0.390631 5.93125e-65 1.54109e-80 0.345486 1.20181e-68 0.263883 0.99247
0.393923 1.15186e-79 8.42996e-76 0.346082 2.21991e-72 0.259995 0.943604
0.396751 6.03976e-90 1.89647e-70 0.346468 1.97454e-74 0.256781 0.899559
0.399183 3.64916e-97 7.49071e-65 0.346676 2.10639e-75 0.254141 0.859681
0.401271 3.16839e-102 3.19149e-59 0.346735 1.13723e-75 0.251994 0.823415
0.403057 9.66479e-106 1.11241e-53 0.346671 1.78936e-75 0.250271 0.790292
0.404578 3.90943e-108 2.71967e-48 0.346507 5.7124e-75 0.248915 0.759917
0.405864 1.05522e-109 4.29551e-43 0.346261 2.90329e-74 0.247875 0.73196
0.406938 1.16202e-110 4.20816e-38 0.345951 1.99187e-73 0.247111 0.706137
0.407823 3.65206e-111 2.51427e-33 0.34559 1.6468e-72 0.246587 0.68221
0.408535 2.51942e-111 9.12636e-29 0.345193 1.51684e-71 0.246272 0.659973
0.409092 3.14021e-111 2.01731e-24 0.344768 1.47444e-70 0.24614 0.63925
0.409506 6.11536e-111 2.72556e-20 0.344327 1.45784e-69 0.246167 0.619889
0.409789 1.66914e-110 2.25166e-16 0.343875 1.43152e-68 0.246335 0.601756
0.409952 5.89019e-110 1.12556e-12 0.343421 1.37761e-67 0.246627 0.584736
0.410004 2.53739e-109 3.26891e-09 0.34297 1.29697e-66 0.247026 0.568726
0.409953 1.29484e-108 4.72713e-06 0.342526 1.22121e-65 0.247516 0.553639
0.409809 8.33964e-108 0.00133339 0.342048 1.34275e-64 0.24681 0.539392
0.409604 7.88978e-107 0.0112142 0.341284 2.44557e-63 0.237898 0.525947
0.409362 8.45795e-106 0.0234681 0.340468 5.64704e-62 0.226701 0.513268
0.390398 6.05244e-65 5.69702e-77 0.345766 5.16839e-62 0.263836 0.994238
0.393664 1.21661e-79 2.95032e-72 0.346383 6.36693e-66 0.259953 0.94545
0.396467 6.63227e-90 6.10644e-67 0.346789 3.67866e-68 0.256744 0.90147
0.398873 4.16996e-97 2.16976e-61 0.347018 2.50226e-69 0.254109 0.861646
0.400935 3.76506e-102 8.17673e-56 0.347098 8.50955e-70 0.251967 0.825426
0.402696 1.19273e-105 2.49026e-50 0.347057 8.37505e-70 0.250247 0.792343
0.404192 5.00326e-108 5.27526e-45 0.346916 1.66797e-69 0.248891 0.762003
0.405453 1.39864e-109 7.17987e-40 0.346697 5.29364e-69 0.247851 0.734075
0.406502 1.59345e-110 6.04063e-35 0.346415 2.27681e-68 0.247084 0.708279
0.407362 5.17708e-111 3.09242e-30 0.346085 1.18767e-67 0.246554 0.684375
0.40805 3.69019e-111 9.59682e-26 0.345719 6.96149e-67 0.246231 0.662159
0.408582 4.75142e-111 1.80729e-21 0.345329 4.35146e-66 0.246089 0.641454
0.408972 9.56068e-111 2.06548e-17 0.344924 2.80111e-65 0.246104 0.622108
0.409231 2.69872e-110 1.42059e-13 0.344511 1.8174e-64 0.246258 0.603989
0.40937 9.8756e-110 5.68727e-10 0.344097 1.17806e-63 0.246533 0.586981
0.409399 4.45353e-109 1.1733e-06 0.343688 7.72014e-63 0.246912 0.570982
0.409325 2.52023e-108 0.000615711 0.343263 5.70801e-62 0.246796 0.555903
0.409175 2.07946e-107 0.00891693 0.34254 6.96506e-61 0.239369 0.541684
0.408979 2.02819e-106 0.0205581 0.341709 1.16283e-59 0.228754 0.528293
0.408744 1.98642e-105 0.032531 0.340898 2.11796e-58 0.217827 0.515665
0.390151 8.01596e-65 5.95212e-73 0.346076 3.94468e-55 0.263774 0.996181
0.39339 1.62203e-79 2.8577e-68 0.346717 3.13833e-59 0.259893 0.947478
0.396167 8.98298e-90 5.32818e-63 0.347146 1.14437e-61 0.256687 0.903567
0.398547 5.76406e-97 1.66746e-57 0.347398 4.8373e-63 0.254055 0.863802
0.400582 5.32278e-102 5.44109e-52 0.347502 1.01267e-63 0.251915 0.827631
0.402317 1.72617e-105 1.41725e-46 0.347486 6.10754e-64 0.250196 0.794589
0.403787 7.41545e-108 2.54559e-41 0.347372 7.45033e-64 0.24884 0.764286
0.405022 2.12335e-109 2.92039e-36 0.347181 1.45244e-63 0.247798 0.736389
0.406045 2.47841e-110 2.06239e-31 0.346929 3.85916e-63 0.247026 0.71062
0.406879 8.25216e-111 8.83033e-27 0.346631 1.2537e-62 0.24649 0.686739
0.407542 6.03093e-111 2.28143e-22 0.3463 4.62324e-62 0.246158 0.664543
0.408049 7.96774e-111 3.54836e-18 0.345946 1.84056e-61 0.246004 0.643855
0.408414 1.64717e-110 3.29417e-14 0.345579 7.65816e-61 0.246006 0.624525
0.408649 4.79001e-110 1.77028e-10 0.345206 3.27364e-60 0.246144 0.606419
0.408765 1.8205e-109 4.93451e-07 0.344834 1.44294e-59 0.246401 0.589422
0.40877 8.92304e-109 0.00038388 0.34445 7.16025e-59 0.246397 0.573433
0.408682 6.37285e-108 0.00773857 0.343755 5.86457e-58 0.239824 0.558378
0.408538 5.51429e-107 0.0188213 0.342914 6.89627e-57 0.229727 0.544218
0.408348 4.87412e-106 0.0302308 0.342086 9.06154e-56 0.219335 0.530881
0.408121 4.21787e-105 0.0418136 0.341281 1.25549e-54 0.208784 0.518303
0.38989 1.38821e-64 1.94516e-68 0.346415 5.40235e-48 0.263696 0.998306
0.393102 2.74851e-79 8.4727e-64 0.347084 2.69078e-52 0.259814 0.949693
0.395851 1.51027e-89 1.39226e-58 0.34754 6.01919e-55 0.25661 0.905858
0.398203 9.69532e-97 3.75362e-53 0.347818 1.54135e-56 0.25398 0.866155
0.400211 9.00265e-102 1.0371e-47 0.347949 1.94157e-57 0.25184 0.830036
0.401919 2.94525e-105 2.25829e-42 0.34796 7.03104e-58 0.250121 0.797038
0.403362 1.27926e-107 3.35972e-37 0.347875 5.15867e-58 0.248763 0.766772
0.40457 3.71006e-109 3.17062e-32 0.347714 6.07834e-58 0.247716 0.738907
0.405567 4.39259e-110 1.83117e-27 0.347495 9.83531e-58 0.246938 0.713165
0.406375 1.48568e-110 6.37046e-23 0.347231 1.96518e-57 0.246394 0.689308
0.407012 1.10464e-110 1.32416e-18 0.346936 4.512e-57 0.246052 0.667132
0.407493 1.4876e-110 1.62587e-14 0.346621 1.13518e-56 0.245886 0.646462
0.407833 3.14467e-110 1.14155e-10 0.346293 3.04376e-56 0.245873 0.627146
0.408044 9.42608e-110 4.09094e-07 0.345962 8.66126e-56 0.245994 0.609053
0.408134 3.85451e-109 0.000386202 0.345612 2.84371e-55 0.245867 0.592066
0.408117 2.34261e-108 0.00763338 0.344914 1.58544e-54 0.239336 0.576103
0.408032 1.73957e-107 0.0182304 0.344063 1.28284e-53 0.229675 0.561111
0.407894 1.34563e-106 0.0291147 0.343223 1.17964e-52 0.219768 0.54701
0.407711 1.03714e-105 0.0401504 0.342403 1.16374e-51 0.209735 0.533729
0.40749 7.7906e-105 0.0512718 0.341608 1.19843e-50 0.19963 0.521199
0.389613 3.16972e-64 2.23338e-63 0.346784 1.34026e-40 0.263603 1.00062
0.392796 5.96452e-79 8.62933e-59 0.347484 4.06013e-45 0.259719 0.952101
0.395517 3.17416e-89 1.22137e-53 0.34797 5.4215e-48 0.256513 0.908346
0.397841 1.99755e-96 2.77115e-48 0.348277 8.20326e-50 0.253882 0.86871
0.399821 1.83299e-101 6.32916e-43 0.348437 6.07976e-51 0.251742 0.832646
0.401501 5.95933e-105 1.12385e-37 0.348479 1.29573e-51 0.25002 0.799695
0.402916 2.58303e-107 1.34909e-32 0.348425 5.61695e-52 0.248658 0.769468
0.404096 7.50041e-109 1.01806e-27 0.348298 3.93777e-52 0.247606 0.741637
0.405066 8.91654e-110 4.65732e-23 0.348113 3.8278e-52 0.246821 0.715923
0.405847 3.03622e-110 1.26661e-18 0.347885 4.65129e-52 0.246267 0.69209
0.406458 2.27932e-110 2.01016e-14 0.347629 6.59472e-52 0.245914 0.669934
0.406913 3.11152e-110 1.78817e-10 0.347353 1.04585e-51 0.245734 0.649281
0.407227 6.7281e-110 7.76588e-07 0.347067 1.83238e-51 0.245705 0.62998
0.407411 2.16799e-109 0.000675551 0.346739 3.92511e-51 0.245174 0.611898
0.407471 1.07816e-108 0.00858971 0.345994 1.51092e-50 0.237946 0.594944
0.407453 6.55737e-108 0.0187603 0.345136 8.19794e-50 0.228651 0.57905
0.407373 4.26481e-107 0.0291584 0.344287 5.11279e-49 0.219181 0.564123
0.407241 2.8318e-106 0.0396791 0.343456 3.47766e-48 0.209624 0.550082
0.407064 1.86914e-105 0.0502621 0.342648 2.50826e-47 0.200026 0.536853
0.406848 1.20575e-104 0.0608639 0.341866 1.88157e-46 0.190423 0.52437
0.389321 9.62965e-64 1.02952e-57 0.347183 6.04998e-33 0.263496 1.00312
0.392474 1.6717e-78 3.44625e-53 0.347918 1.08826e-37 0.259608 0.954708
0.395165 8.40515e-89 4.09985e-48 0.348436 8.45922e-41 0.256399 0.91104
0.397459 5.07819e-96 7.63233e-43 0.348776 7.3862e-43 0.253765 0.871475
0.39941 4.5236e-101 1.4032e-37 0.348969 3.15209e-44 0.251621 0.83547
0.401061 1.43921e-104 1.97498e-32 0.349043 3.87787e-45 0.249895 0.802568
0.402448 6.14213e-107 1.85409e-27 0.349024 9.76413e-46 0.248528 0.772382
0.4036 1.76479e-108 1.0791e-22 0.348932 4.01321e-46 0.247469 0.744585
0.404541 2.08499e-109 3.7377e-18 0.348784 2.3156e-46 0.246675 0.7189
0.405295 7.08572e-110 7.45399e-14 0.348595 1.69707e-46 0.24611 0.695091
0.405878 5.33714e-110 8.07259e-10 0.348378 1.48433e-46 0.245743 0.672956
0.406307 7.39782e-110 3.86243e-06 0.348144 1.51854e-46 0.245545 0.652321
0.406589 1.7416e-109 0.00177681 0.347786 2.13786e-46 0.243849 0.633034
0.406731 6.57117e-109 0.0106119 0.346971 5.63669e-46 0.235686 0.615
0.406789 3.06796e-108 0.020391 0.346109 1.9839e-45 0.226711 0.598124
0.406776 1.59243e-107 0.0303391 0.345255 8.11455e-45 0.21763 0.582301
0.406702 8.72965e-107 0.040375 0.344417 3.68049e-44 0.208506 0.567439
0.406575 4.88925e-106 0.0504463 0.343599 1.79847e-43 0.199379 0.553455
0.406402 2.73558e-105 0.0605148 0.342806 9.27391e-43 0.190277 0.540277
0.406189 1.5061e-104 0.070551 0.34204 4.96841e-42 0.181219 0.527837
0.389011 3.93101e-63 2.22092e-51 0.347612 4.91838e-25 0.263376 1.00581
0.392134 6.1077e-78 6.28138e-47 0.348385 5.19225e-30 0.259481 0.957521
0.394793 2.8286e-88 6.1151e-42 0.34894 2.30333e-33 0.256266 0.913945
0.397057 1.6059e-95 9.07696e-37 0.349315 1.13667e-35 0.253627 0.874456
0.398978 1.36351e-100 1.30204e-31 0.349544 2.73872e-37 0.251478 0.838514
0.400599 4.17867e-104 1.40222e-26 0.349654 1.91073e-38 0.249746 0.805664
0.401956 1.73192e-106 9.86863e-22 0.349672 2.75183e-39 0.248372 0.775521
0.403079 4.86575e-108 4.19064e-17 0.349617 6.55006e-40 0.247304 0.74776
0.403992 5.65636e-109 1.00987e-12 0.349508 2.2264e-40 0.2465 0.722106
0.404717 1.90586e-109 1.25008e-08 0.34936 9.87139e-41 0.245922 0.698322
0.405273 1.45168e-109 5.21201e-05 0.349182 5.59895e-41 0.245493 0.676208
0.405649 2.24581e-109 0.00456628 0.348666 5.40662e-41 0.241118 0.655597
0.405885 5.69079e-109 0.0136935 0.347818 9.20417e-41 0.232604 0.636381
0.406028 1.87205e-108 0.0231073 0.346958 2.01688e-40 0.223907 0.618433
0.40609 7.24964e-108 0.032635 0.346103 5.21534e-40 0.215173 0.601634
0.406082 3.10762e-107 0.0422128 0.345261 1.52273e-39 0.206445 0.585882
0.406013 1.41287e-106 0.0517968 0.344438 4.87005e-39 0.197753 0.571083
0.40589 6.61168e-106 0.0613547 0.343638 1.66833e-38 0.189118 0.557154
0.40572 3.1186e-105 0.0708615 0.342864 6.0185e-38 0.180555 0.544024
0.405509 1.46144e-104 0.0802973 0.342118 2.25668e-37 0.172076 0.531625
0.388684 2.17794e-62 2.67149e-44 0.348072 6.78587e-17 0.263244 1.00872
0.391773 2.9383e-77 6.21375e-40 0.348887 4.32437e-22 0.25934 0.960546
0.394401 1.22139e-87 4.79968e-35 0.349482 1.08893e-25 0.256117 0.917071
0.396633 6.37456e-95 5.48504e-30 0.349896 2.99633e-28 0.25347 0.877663
0.398523 5.06293e-100 5.89048e-25 0.350163 4.01518e-30 0.251314 0.841788
0.400113 1.47065e-103 4.60692e-20 0.350312 1.56662e-31 0.249574 0.808993
0.40144 5.83851e-106 2.25734e-15 0.350369 1.27651e-32 0.248191 0.778896
0.402532 1.5861e-107 6.1631e-11 0.350355 1.75158e-33 0.247113 0.751173
0.403416 1.80457e-108 7.59799e-07 0.350288 3.55936e-34 0.246295 0.72555
0.404103 6.23875e-109 0.0010532 0.350099 1.11572e-34 0.244745 0.701792
0.404576 5.26846e-109 0.00889668 0.349347 7.32455e-35 0.23718 0.67973
0.404919 7.66322e-109 0.0178253 0.348505 7.37972e-35 0.228752 0.659214
0.405156 1.59107e-108 0.026894 0.347652 9.60783e-35 0.220298 0.640092
0.405302 4.21638e-108 0.0360239 0.346802 1.50886e-34 0.211872 0.62223
0.405368 1.31856e-107 0.0451653 0.345962 2.73127e-34 0.203505 0.605508
0.405364 4.60012e-107 0.0542831 0.345138 5.51348e-34 0.195215 0.589824
0.405299 1.71958e-106 0.0633509 0.344335 1.21091e-33 0.187016 0.575085
0.405179 6.6913e-106 0.0723482 0.343556 2.83984e-33 0.178917 0.561209
0.40501 2.65538e-105 0.081259 0.342805 7.01047e-33 0.170926 0.548123
0.404798 1.0593e-104 0.0900704 0.342083 1.80168e-32 0.163049 0.535762
0.388336 1.64688e-61 2.17515e-36 0.348562 1.13945e-08 0.263101 1.01183
0.391392 1.88005e-76 4.04918e-32 0.349423 5.68895e-14 0.259185 0.963792
0.393987 6.83738e-87 2.38516e-27 0.350062 8.5459e-18 0.255951 0.920424
0.396186 3.20847e-94 1.99429e-22 0.350518 1.32361e-20 0.253296 0.881103
0.398043 2.339e-99 1.49448e-17 0.350827 9.84743e-23 0.25113 0.8453
0.399602 6.33848e-103 7.58497e-13 0.351018 2.1429e-24 0.24938 0.812563
0.400897 2.38272e-105 2.04605e-08 0.351117 9.93964e-26 0.247986 0.782515
0.401957 6.29745e-107 0.00014129 0.351134 8.38576e-27 0.246768 0.754832
0.40275 7.61844e-108 0.00583132 0.350614 1.5926e-27 0.240804 0.729256
0.403351 2.61552e-108 0.0143274 0.349822 5.91516e-28 0.2325 0.705595
0.403814 1.80965e-108 0.0229943 0.348998 3.26284e-28 0.224193 0.683646
0.404158 2.05962e-108 0.0317299 0.348161 2.39864e-28 0.215951 0.663235
0.404398 3.34263e-108 0.0404781 0.347322 2.19006e-28 0.207802 0.644206
0.404547 6.97822e-108 0.0492007 0.34649 2.36093e-28 0.199762 0.626428
0.404617 1.73886e-107 0.0578702 0.34567 2.89502e-28 0.191843 0.60978
0.404615 4.89783e-107 0.066466 0.344869 3.92732e-28 0.18405 0.594161
0.404551 1.4989e-106 0.0749722 0.34409 5.77222e-28 0.176386 0.579478
0.404431 4.84282e-106 0.0833766 0.343337 9.04736e-28 0.168855 0.565651
0.404261 1.61804e-105 0.0916694 0.342613 1.49418e-27 0.161457 0.552606
0.404046 5.50817e-105 0.0998431 0.341918 2.57617e-27 0.154193 0.540279
0.38789 1.46743e-60 1.27399e-27 0.348533 0.0013365 0.26224 1.01517
0.390988 1.60042e-75 2.11338e-23 0.349992 5.30688e-06 0.259014 0.967268
0.393549 5.01177e-86 8.93127e-19 0.35068 8.77589e-10 0.255771 0.924015
0.395714 2.07195e-93 4.89659e-14 0.351182 8.72871e-13 0.253104 0.884788
0.397538 1.36332e-98 2.05743e-09 0.351536 3.8063e-15 0.250926 0.84906
0.399063 3.43024e-102 3.26044e-05 0.351769 4.90424e-17 0.249135 0.816387
0.400265 1.30301e-104 0.00434807 0.351502 1.80761e-18 0.243886 0.786399
0.401201 3.4202e-106 0.0124568 0.35081 1.74611e-19 0.235533 0.758819
0.401955 3.40637e-107 0.0207754 0.350056 3.137e-20 0.227214 0.73338
0.402553 8.84407e-108 0.0291724 0.349264 8.83298e-21 0.219011 0.709846
0.403016 4.59757e-108 0.0375817 0.348452 3.47641e-21 0.21095 0.688012
0.403361 3.9589e-108 0.0459604 0.347632 1.76253e-21 0.203047 0.667703
0.403603 4.92133e-108 0.0542788 0.346814 1.08503e-21 0.195305 0.648766
0.403754 7.9891e-108 0.0625159 0.346004 7.76739e-22 0.187726 0.631068
0.403825 1.57367e-107 0.0706564 0.34521 6.26332e-22 0.180309 0.614491
0.403824 3.56368e-107 0.0786888 0.344436 5.55624e-22 0.173052 0.598934
0.403759 8.91708e-107 0.0866045 0.343685 5.32793e-22 0.165951 0.584303
0.403637 2.39453e-106 0.094397 0.342961 5.45004e-22 0.159005 0.57052
0.403463 6.75459e-106 0.102061 0.342267 5.88806e-22 0.152209 0.557512
0.403242 1.97044e-105 0.109594 0.341603 6.66785e-22 0.145561 0.545215
