0.328596 0.146007 0.0212418 0.287927 5.21592e-54 0.216229 1.47437
0.335866 0.13951 0.00595918 0.298762 8.75263e-71 0.219903 1.42745
0.343163 0.128933 4.52022e-16 0.30479 1.74931e-86 0.223114 1.38517
0.350667 0.115376 1.41052e-32 0.307657 7.65482e-100 0.2263 1.34653
0.358085 0.101562 3.36054e-44 0.310536 3.50642e-109 0.229817 1.3111
0.365431 0.0875453 2.5483e-52 0.313455 1.33856e-115 0.233569 1.27855
0.372713 0.0733753 5.84768e-58 0.316437 6.75408e-120 0.237475 1.24857
0.379937 0.0591021 7.54805e-62 0.319494 1.18997e-122 0.241467 1.2209
0.387102 0.0447751 1.62409e-64 0.322637 2.77118e-124 0.245486 1.19529
0.394206 0.030446 2.36003e-66 0.325872 4.16642e-125 0.249476 1.17152
0.401241 0.0161731 1.11398e-67 0.329201 2.3676e-125 0.253385 1.14941
0.408192 0.0020333 5.20166e-69 0.332624 3.33348e-125 0.257151 1.12877
0.411367 1.99769e-23 4.58386e-81 0.335156 4.19974e-125 0.253476 1.10925
0.413839 1.46643e-44 7.04532e-94 0.337599 8.55437e-125 0.248563 1.09041
0.41624 3.35018e-63 2.24804e-105 0.340104 2.86126e-124 0.243657 1.07221
0.418579 1.26798e-79 1.11666e-115 0.342659 1.40632e-123 0.238762 1.05462
0.420863 4.19466e-94 6.36334e-125 0.345254 9.30857e-123 0.233883 1.0376
0.423097 6.92093e-107 3.17096e-133 0.347881 7.75362e-122 0.229022 1.02113
0.425288 3.51658e-118 1.09161e-140 0.350532 7.70926e-121 0.224181 1.00517
0.427438 3.63996e-128 2.11693e-147 0.3532 8.78002e-120 0.219362 0.989701
0.327784 0.144022 0.022038 0.288414 4.46454e-43 0.217742 1.47663
0.335018 0.137452 0.00665379 0.29931 7.65795e-61 0.221566 1.42981
0.342246 0.127113 2.88276e-15 0.305711 3.13127e-77 0.22493 1.38764
0.349728 0.113505 3.71154e-32 0.308579 1.49426e-91 0.228187 1.34909
0.35713 0.099665 4.30026e-44 0.311453 1.07286e-101 0.231752 1.31373
0.364463 0.0856439 1.84194e-52 0.314361 8.58546e-109 0.235531 1.28124
0.371734 0.0714916 2.69254e-58 0.317327 1.14283e-113 0.239447 1.2513
0.378946 0.0572564 2.43686e-62 0.320366 6.38204e-117 0.243431 1.22366
0.386098 0.0429872 3.96641e-65 0.323488 5.46285e-119 0.247427 1.19807
0.393187 0.0287353 4.61803e-67 0.326699 3.40544e-120 0.251379 1.17432
0.400205 0.0145597 1.80076e-68 0.330002 8.85035e-121 0.255234 1.15221
0.407116 0.000598817 3.89859e-70 0.333392 6.03822e-121 0.258893 1.13157
0.409841 4.55908e-26 1.72167e-83 0.335787 3.39234e-121 0.254372 1.11199
0.412304 3.60339e-47 2.20766e-96 0.338207 3.5844e-121 0.249489 1.09309
0.414698 9.11181e-66 6.16767e-108 0.340688 6.62087e-121 0.244614 1.07483
0.417032 3.80775e-82 2.75443e-118 0.343218 1.89756e-120 0.239751 1.05719
0.419311 1.3816e-96 1.43969e-127 0.345786 7.68216e-120 0.234903 1.04011
0.421541 2.48246e-109 6.68817e-136 0.348385 4.0822e-119 0.230074 1.02359
0.423728 1.36445e-120 2.17584e-143 0.351007 2.68799e-118 0.225265 1.00758
0.425875 1.51855e-130 4.03398e-150 0.353646 2.09609e-117 0.220479 0.992056
0.326954 0.142036 0.0228989 0.288864 2.55675e-31 0.219247 1.47905
0.334149 0.13539 0.00742296 0.299818 4.11092e-50 0.22322 1.43234
0.341299 0.125329 2.4798e-14 0.30663 3.50015e-67 0.226741 1.39028
0.348755 0.111679 1.2626e-31 0.3095 1.60784e-82 0.230066 1.35183
0.356136 0.09782 6.83003e-44 0.312367 1.62011e-93 0.233677 1.31655
0.363451 0.0838039 1.59856e-52 0.315264 2.47063e-101 0.237481 1.28412
0.370704 0.0696788 1.44942e-58 0.318214 7.99072e-107 0.241403 1.25423
0.377899 0.0554922 9.00467e-63 0.321233 1.31719e-110 0.245376 1.22663
0.385033 0.0412921 1.09037e-65 0.324331 3.89567e-113 0.249344 1.20106
0.392101 0.0271297 1.00394e-67 0.327516 9.54094e-115 0.253253 1.17732
0.399094 0.0130647 3.19541e-69 0.330791 1.08164e-115 0.25705 1.15522
0.405732 2.32981e-05 1.00465e-71 0.334087 3.27067e-116 0.260158 1.13458
0.408268 1.4819e-28 8.39361e-86 0.336412 8.15403e-117 0.25532 1.11494
0.410721 1.23666e-49 8.86812e-99 0.338807 4.31763e-117 0.250471 1.09598
0.413107 3.368e-68 2.13423e-110 0.341262 4.26854e-117 0.245631 1.07767
0.415433 1.51259e-84 8.43537e-121 0.343763 6.93346e-117 0.240804 1.05996
0.417706 5.86593e-99 3.98458e-130 0.346303 1.67273e-116 0.235992 1.04284
0.419931 1.11998e-111 1.7019e-138 0.348871 5.5367e-116 0.231198 1.02626
0.422113 6.50576e-123 5.16496e-146 0.351462 2.36181e-115 0.226426 1.0102
0.424256 7.61523e-133 9.04423e-153 0.354068 1.23558e-114 0.221676 0.994633
0.326106 0.140049 0.0238259 0.289278 9.90415e-19 0.220742 1.48162
0.333259 0.133326 0.00826822 0.300284 1.5156e-38 0.224863 1.43502
0.340323 0.123583 2.91731e-13 0.307547 2.78425e-56 0.228547 1.39309
0.347748 0.109897 5.63393e-31 0.310418 1.08283e-72 0.231938 1.35475
0.355102 0.0960279 1.363e-43 0.313279 1.36277e-84 0.235591 1.31956
0.362393 0.0820256 1.68246e-52 0.316164 3.57904e-93 0.239418 1.2872
0.369624 0.0679373 9.19439e-59 0.319096 2.57652e-99 0.243343 1.25737
0.376795 0.0538096 3.83167e-63 0.322094 1.16184e-103 0.247302 1.2298
0.383904 0.0396898 3.38911e-66 0.325168 1.11125e-106 0.251238 1.20426
0.390945 0.0256288 2.43235e-68 0.328325 1.00919e-108 0.255101 1.18053
0.397907 0.0116875 6.23621e-70 0.33157 4.7435e-110 0.258835 1.15843
0.404132 2.25704e-07 1.26348e-73 0.334734 5.81568e-111 0.261134 1.13779
0.406648 6.86352e-31 5.32934e-88 0.337032 6.37111e-112 0.25632 1.11809
0.40909 5.91141e-52 4.57074e-101 0.339401 1.62821e-112 0.251509 1.09908
0.411466 1.68687e-70 9.31605e-113 0.341826 8.32636e-113 0.246708 1.08071
0.413783 7.92525e-87 3.20634e-123 0.344297 7.43027e-113 0.241919 1.06295
0.416048 3.20173e-101 1.34819e-132 0.346805 1.03824e-112 0.237147 1.04578
0.418266 6.33967e-114 5.22028e-141 0.349341 2.08527e-112 0.232393 1.02915
0.420442 3.80332e-125 1.45859e-148 0.351897 5.62488e-112 0.227661 1.01305
0.42258 4.58125e-135 2.3829e-155 0.354469 1.93037e-111 0.222951 0.997434
0.325239 0.138062 0.024817 0.289652 9.48306e-06 0.22222 1.48435
0.33235 0.131259 0.00919108 0.300707 4.213e-26 0.226493 1.43787
0.339316 0.121877 4.74975e-12 0.308463 1.81173e-44 0.230345 1.39607
0.346705 0.108161 3.34749e-30 0.311334 5.25377e-62 0.2338 1.35785
0.354027 0.0942895 3.4622e-43 0.314188 7.31087e-75 0.237495 1.32276
0.361289 0.0803094 2.17061e-52 0.31706 2.97064e-84 0.241341 1.29048
0.368492 0.0662672 6.93226e-59 0.319975 4.33576e-91 0.245266 1.2607
0.375634 0.0522083 1.89005e-63 0.322951 4.93093e-96 0.249207 1.23317
0.382712 0.0381795 1.19692e-66 0.325999 1.42076e-99 0.25311 1.20766
0.38972 0.0242318 6.59062e-69 0.329127 4.49655e-102 0.256921 1.18395
0.396645 0.0104271 1.34156e-70 0.332339 8.29599e-104 0.260589 1.16186
0.402478 2.06199e-09 1.65012e-75 0.335377 3.85705e-105 0.262144 1.1412
0.40498 4.53229e-33 4.42245e-90 0.337649 1.78876e-106 0.257371 1.12145
0.40741 3.92988e-54 3.02772e-103 0.339988 2.11775e-107 0.252602 1.10239
0.409774 1.1428e-72 5.13442e-115 0.342383 5.39706e-108 0.247843 1.08397
0.412081 5.46769e-89 1.51329e-125 0.344821 2.55755e-108 0.243097 1.06617
0.414337 2.24301e-103 5.5768e-135 0.347295 2.00633e-108 0.238368 1.04895
0.416547 4.49591e-116 1.92958e-143 0.349796 2.37596e-108 0.233657 1.03227
0.418716 2.72267e-127 4.89778e-151 0.352316 3.94655e-108 0.228968 1.01612
0.420847 3.3026e-137 7.37291e-158 0.354851 8.66852e-108 0.224303 1.00046
0.324237 0.137208 0.0230471 0.288059 0.0079913 0.219457 1.48731
0.33142 0.12919 0.010193 0.301086 8.1234e-13 0.22811 1.44089
0.33828 0.120209 1.07577e-10 0.309376 1.10449e-31 0.232135 1.39922
0.345627 0.106472 2.68735e-29 0.312248 2.14008e-50 0.235653 1.36114
0.352912 0.0926053 1.13462e-42 0.315096 2.90786e-64 0.239386 1.32616
0.360139 0.0786557 3.4722e-52 0.317955 1.63343e-74 0.24325 1.29395
0.367308 0.0646684 6.2701e-59 0.320851 4.37742e-82 0.247173 1.26424
0.374415 0.0506881 1.08858e-63 0.323803 1.15116e-87 0.251093 1.23675
0.381457 0.0367609 4.82901e-67 0.326824 9.26051e-92 0.254958 1.21127
0.388425 0.0229378 2.0049e-69 0.329921 9.55437e-95 0.258716 1.18758
0.395306 0.00928229 3.18966e-71 0.333099 6.52272e-97 0.262313 1.1655
0.400779 2.39545e-11 2.66125e-77 0.336019 1.07922e-98 0.263202 1.14483
0.403265 4.27232e-35 4.81602e-92 0.338262 2.02203e-100 0.258474 1.12503
0.40568 3.63241e-56 2.58402e-105 0.34057 1.0606e-101 0.25375 1.10592
0.408032 1.0467e-74 3.57896e-117 0.342932 1.29338e-102 0.249036 1.08745
0.410327 4.96431e-91 8.87838e-128 0.345336 3.13606e-103 0.244336 1.06961
0.412573 2.01585e-105 2.82212e-137 0.347774 1.33486e-103 0.239653 1.05234
0.414773 3.99286e-118 8.59759e-146 0.350238 9.03223e-104 0.234989 1.03562
0.416933 2.38591e-129 1.95561e-153 0.35272 8.97344e-104 0.230347 1.01943
0.419056 2.8524e-139 2.67847e-160 0.355215 1.22783e-103 0.225729 1.00373
0.323144 0.136534 0.0207256 0.286192 0.0174008 0.216004 1.49066
0.33042 0.127637 0.010052 0.300627 0.00336269 0.227902 1.44408
0.337214 0.118583 3.31008e-09 0.310287 6.72737e-18 0.233917 1.40254
0.344514 0.10483 2.94647e-28 0.313161 8.57179e-38 0.237495 1.36461
0.351757 0.0909757 4.85997e-42 0.316002 1.01142e-52 0.241266 1.32974
0.358943 0.0770646 6.96822e-52 0.318847 6.99567e-64 0.245145 1.29762
0.366072 0.063141 6.87039e-59 0.321724 3.10103e-72 0.249063 1.26798
0.373139 0.0492486 7.37784e-64 0.324652 1.71933e-78 0.252961 1.24054
0.380138 0.0354332 2.23885e-67 0.327644 3.55974e-83 0.256785 1.2151
0.38706 0.0217457 6.87682e-70 0.330709 1.11437e-86 0.260486 1.19143
0.39389 0.00825153 8.40784e-72 0.33385 2.6415e-89 0.264009 1.16935
0.399033 3.83152e-13 5.56842e-79 0.33666 1.45809e-91 0.264307 1.14867
0.401501 5.76141e-37 6.91569e-94 0.338872 1.0473e-93 0.259627 1.12883
0.4039 4.67281e-58 2.85093e-107 0.341148 2.31821e-95 0.254951 1.10967
0.406238 1.29708e-76 3.16319e-119 0.343476 1.2941e-96 0.250286 1.09116
0.408521 5.93559e-93 6.48722e-130 0.345844 1.54169e-97 0.245635 1.07327
0.410754 2.32562e-107 1.7495e-139 0.348244 3.43028e-98 0.241002 1.05596
0.412944 4.44358e-120 4.62216e-148 0.350668 1.28132e-98 0.236388 1.03921
0.415093 2.56105e-131 9.2904e-156 0.35311 7.3748e-99 0.231796 1.02297
0.417206 2.95355e-141 1.14283e-162 0.355565 6.10223e-99 0.227229 1.00723
0.321973 0.135829 0.0183597 0.284405 0.0268 0.212633 1.49444
0.329251 0.127162 0.00730567 0.298517 0.0138752 0.223889 1.44764
0.336122 0.116994 5.26932e-08 0.311038 0.000368398 0.235478 1.40603
0.343366 0.103237 4.37826e-27 0.314071 3.83031e-24 0.239326 1.36826
0.350561 0.0894013 2.74696e-41 0.316906 3.66011e-40 0.243132 1.33352
0.357701 0.0755364 1.77401e-51 0.319738 2.78855e-52 0.247025 1.3015
0.364784 0.0616848 9.21115e-59 0.322595 1.83612e-61 0.250937 1.27193
0.371804 0.0478894 5.93225e-64 0.325498 1.94715e-68 0.254809 1.24455
0.378754 0.0341954 1.20034e-67 0.32846 9.51368e-74 0.258591 1.21914
0.385624 0.0206543 2.67205e-70 0.33149 8.36718e-78 0.262232 1.19549
0.392397 0.00733316 2.4661e-72 0.334594 6.4299e-81 0.265677 1.17343
0.39724 8.72924e-15 1.54824e-80 0.337301 1.10768e-83 0.26546 1.15273
0.399689 1.1152e-38 1.31694e-95 0.339481 2.87928e-86 0.26083 1.13285
0.402071 8.38593e-60 4.08365e-109 0.341723 2.55083e-88 0.256206 1.11365
0.404393 2.17913e-78 3.55687e-121 0.344014 6.21077e-90 0.251593 1.09511
0.406661 9.36331e-95 5.9191e-132 0.346345 3.47779e-91 0.246994 1.07717
0.408881 3.45009e-109 1.33137e-141 0.348706 3.88332e-92 0.242413 1.05983
0.411058 6.20713e-122 3.00294e-150 0.351089 7.71138e-93 0.237852 1.04303
0.413196 3.37281e-133 5.25725e-158 0.35349 2.48297e-93 0.233314 1.02676
0.415298 3.67233e-143 5.73162e-165 0.355901 1.20263e-93 0.2288 1.01098
0.320719 0.135085 0.0159583 0.282699 0.036185 0.209354 1.49867
0.327995 0.126647 0.00453632 0.296501 0.0243402 0.21998 1.45166
0.335071 0.115284 6.26373e-12 0.307674 0.0104213 0.231549 1.40984
0.342183 0.101692 7.52012e-26 0.31498 1.49067e-09 0.241146 1.3721
0.349323 0.0878826 2.03685e-40 0.317808 1.60537e-26 0.244986 1.33749
0.356412 0.0740713 5.77091e-51 0.320626 1.2485e-39 0.248891 1.30558
0.363443 0.0602997 1.52438e-58 0.323464 1.10133e-49 0.252794 1.27609
0.370411 0.0466098 5.70381e-64 0.326341 2.02149e-57 0.256639 1.24877
0.377306 0.0330467 7.48974e-68 0.329272 2.12756e-63 0.260375 1.22339
0.384117 0.019662 1.18191e-70 0.332267 4.84315e-68 0.263954 1.19977
0.390826 0.00652525 8.08181e-73 0.33533 1.12098e-71 0.267319 1.17772
0.395399 2.88945e-16 5.81323e-82 0.337942 5.62348e-75 0.266659 1.15701
0.397827 3.11264e-40 3.34762e-97 0.34009 4.96796e-78 0.262083 1.1371
0.40019 2.10736e-61 7.63404e-111 0.342296 1.66296e-80 0.257514 1.11787
0.402495 4.98012e-80 5.11017e-123 0.34455 1.6754e-82 0.252956 1.09928
0.404747 1.95483e-96 6.76756e-134 0.346841 4.2015e-84 0.248412 1.08132
0.406953 6.60085e-111 1.24723e-143 0.349161 2.25174e-85 0.243887 1.06393
0.409116 1.09132e-123 2.36292e-152 0.351502 2.28109e-86 0.239382 1.0471
0.411241 5.46396e-135 3.54984e-160 0.353859 3.95456e-87 0.2349 1.03079
0.413331 5.49652e-145 3.38334e-167 0.356227 1.08191e-87 0.230443 1.01498
0.319378 0.134294 0.0135309 0.281071 0.0455526 0.206174 1.50338
0.326649 0.126081 0.00175918 0.294574 0.0347524 0.216184 1.45616
0.333936 0.11353 1.8453e-16 0.30432 0.0205911 0.227623 1.41412
0.341042 0.100064 5.23142e-28 0.313083 0.00659717 0.239215 1.37617
0.348045 0.0864201 1.7795e-39 0.318709 7.74302e-12 0.246826 1.34166
0.355076 0.0726695 2.376e-50 0.321513 7.40479e-26 0.250741 1.30986
0.362049 0.0589854 3.12503e-58 0.32433 8.18129e-37 0.254635 1.28046
0.368958 0.0454094 6.59652e-64 0.327181 2.36733e-45 0.258451 1.2532
0.375793 0.0319859 5.46918e-68 0.330081 4.8934e-52 0.262141 1.22788
0.382539 0.0187673 5.97828e-71 0.333039 2.64666e-57 0.265655 1.20428
0.389177 0.00582566 2.97199e-73 0.33606 1.70661e-61 0.268937 1.18225
0.393511 1.41019e-17 2.98699e-83 0.338585 2.32068e-65 0.267904 1.16152
0.395916 1.26024e-41 1.14437e-98 0.340698 6.51019e-69 0.263386 1.14158
0.398258 7.45385e-63 1.87395e-112 0.342868 7.73581e-72 0.258874 1.12232
0.400544 1.55556e-81 9.42861e-125 0.345083 3.0455e-74 0.254374 1.10371
0.402779 5.42509e-98 9.73722e-136 0.347333 3.24491e-76 0.249889 1.08571
0.404968 1.63543e-112 1.44337e-145 0.349611 7.95079e-78 0.245421 1.06829
0.407116 2.42434e-125 2.25838e-154 0.351909 3.92791e-79 0.240975 1.05143
0.409226 1.09281e-136 2.86674e-162 0.354221 3.51595e-80 0.236552 1.03508
0.411302 9.9375e-147 2.35497e-169 0.356543 5.22509e-81 0.232155 1.01923
0.317944 0.133447 0.0110879 0.27952 0.0549006 0.2031 1.50859
0.325267 0.125 1.82405e-05 0.29237 0.0446838 0.212661 1.46119
0.33271 0.11173 3.45452e-21 0.301056 0.0306935 0.22381 1.4189
0.339871 0.0983221 9.60816e-33 0.309378 0.0175684 0.234861 1.38072
0.346807 0.0848838 4.75587e-41 0.317361 0.00529341 0.245655 1.34606
0.353692 0.0713311 1.09381e-49 0.322399 5.11649e-11 0.252577 1.31435
0.360603 0.0577419 7.78227e-58 0.325195 8.8449e-23 0.25646 1.28504
0.367447 0.0442874 9.15369e-64 0.328019 3.85793e-32 0.260246 1.25786
0.374214 0.0310119 4.68198e-68 0.330886 1.44538e-39 0.263888 1.23259
0.380889 0.0179685 3.46694e-71 0.333807 1.70809e-45 0.267336 1.20902
0.38745 0.00523203 1.23075e-73 0.336785 2.83295e-50 0.270533 1.187
0.391575 1.02796e-18 2.12491e-84 0.339229 9.71031e-55 0.269196 1.16627
0.393955 7.45599e-43 5.30223e-100 0.341307 8.04596e-59 0.264738 1.1463
0.396274 3.73532e-64 6.08101e-114 0.343439 3.17408e-62 0.260287 1.12702
0.398539 6.68147e-83 2.24704e-126 0.345614 4.59048e-65 0.255847 1.10838
0.400755 2.01279e-99 1.77174e-137 0.347823 1.96275e-67 0.251423 1.09035
0.402926 5.27526e-114 2.07204e-147 0.350057 2.08547e-69 0.247017 1.07291
0.405057 6.83893e-127 2.63085e-156 0.352311 4.78361e-71 0.242632 1.05601
0.407152 2.71113e-138 2.77676e-164 0.354577 2.11203e-72 0.238271 1.03964
0.409213 2.17987e-148 1.93732e-171 0.356852 1.63366e-73 0.233935 1.02375
0.316413 0.132534 0.00864067 0.278043 0.064227 0.200141 1.51436
0.323888 0.123106 8.8996e-10 0.289637 0.0538632 0.209506 1.46675
0.331387 0.109879 4.37367e-26 0.297881 0.0407351 0.220118 1.42421
0.338599 0.096535 1.0501e-37 0.305774 0.0284571 0.230634 1.38582
0.345583 0.0831731 6.39279e-46 0.313339 0.0170017 0.240903 1.35095
0.35238 0.0698687 8.74902e-52 0.320605 0.0063214 0.250825 1.3191
0.359103 0.056569 1.87064e-57 0.326059 9.13441e-08 0.258269 1.28985
0.365876 0.0432433 1.45981e-63 0.328856 9.85398e-18 0.262024 1.26274
0.37257 0.0301236 4.63524e-68 0.33169 6.73759e-26 0.265617 1.23752
0.379168 0.0172638 2.2939e-71 0.334571 1.64166e-32 0.268998 1.214
0.385645 0.00474178 5.7383e-74 0.337505 6.52133e-38 0.272108 1.192
0.389589 1.13295e-19 2.11145e-85 0.339877 5.2623e-43 0.270534 1.17126
0.391943 6.5005e-44 3.35323e-101 0.341918 1.19602e-47 0.266139 1.15128
0.394237 2.67284e-65 2.62561e-115 0.344012 1.46046e-51 0.261751 1.13198
0.396479 3.9755e-84 6.95786e-128 0.346146 7.2668e-55 0.257375 1.11331
0.398674 1.00532e-100 4.09805e-139 0.348311 1.1729e-57 0.253014 1.09526
0.400826 2.22988e-115 3.70646e-149 0.350502 5.10483e-60 0.248673 1.07779
0.402939 2.46498e-128 3.74981e-158 0.352709 5.1552e-62 0.244352 1.06087
0.405016 8.3914e-140 3.23638e-166 0.354929 1.06827e-63 0.240055 1.04446
0.40706 5.83323e-150 1.88865e-173 0.357156 4.10535e-65 0.235784 1.02855
0.314779 0.131547 0.0062015 0.276636 0.0735305 0.197306 1.52071
0.322409 0.121145 1.50654e-14 0.286973 0.0630027 0.20647 1.47289
0.329959 0.107973 3.77031e-31 0.294794 0.0507239 0.21655 1.4301
0.33722 0.0946977 7.55879e-43 0.302271 0.0392716 0.226539 1.39149
0.344249 0.0814177 4.68267e-51 0.309428 0.0286154 0.23629 1.35641
0.351084 0.0682093 8.256e-57 0.316297 0.0187063 0.245703 1.32438
0.357752 0.0551339 7.55295e-61 0.322915 0.00948346 0.254716 1.29497
0.364271 0.0422414 7.14503e-64 0.329284 0.000959816 0.263244 1.26786
0.37086 0.0293196 4.72867e-68 0.332491 4.58822e-11 0.267329 1.2427
0.377374 0.0166511 1.66403e-71 0.335333 2.74562e-18 0.270642 1.21922
0.383761 0.00435218 2.9632e-74 0.338221 2.60181e-24 0.273665 1.19724
0.387554 1.90744e-20 2.92774e-86 0.340528 4.75343e-30 0.271918 1.1765
0.389878 8.42195e-45 2.90015e-102 0.342532 2.78053e-35 0.267589 1.15651
0.392147 2.75392e-66 1.51395e-116 0.344586 9.82889e-40 0.263268 1.13719
0.394364 3.30388e-85 2.81122e-129 0.346678 1.5752e-43 0.258958 1.11851
0.396536 6.81364e-102 1.21013e-140 0.3488 9.00947e-47 0.254664 1.10044
0.398667 1.24466e-116 8.29478e-151 0.350945 1.51273e-49 0.250388 1.08295
0.400759 1.14344e-129 6.56307e-160 0.353107 6.35592e-52 0.246134 1.066
0.402817 3.26263e-141 4.55317e-168 0.355279 5.86108e-54 0.241904 1.04958
0.404843 1.91649e-151 2.18774e-175 0.357457 1.06435e-55 0.237699 1.03364
0.313034 0.130473 0.00378413 0.275294 0.0828094 0.194605 1.52769
0.320821 0.119119 1.50932e-19 0.284384 0.0721175 0.203559 1.47965
0.328419 0.106007 2.18715e-36 0.291793 0.0606688 0.213112 1.43662
0.335726 0.0928051 3.57577e-48 0.298865 0.0500221 0.222582 1.39778
0.342795 0.0796125 2.1475e-56 0.305626 0.0401448 0.231821 1.36251
0.349665 0.0665063 4.19814e-62 0.312109 0.0309874 0.240732 1.33029
0.356361 0.0535491 4.9183e-66 0.31835 0.0224896 0.24925 1.30071
0.362899 0.0407955 1.03275e-68 0.324385 0.0145859 0.257335 1.27343
0.369285 0.0282981 1.55728e-70 0.330247 0.00720879 0.264961 1.24817
0.375526 0.016105 5.26568e-72 0.335859 0.000550004 0.27196 1.22468
0.3818 0.0040603 1.47681e-74 0.338934 1.55936e-09 0.275206 1.20273
0.385469 4.88936e-21 5.37514e-87 0.341183 8.25889e-16 0.273348 1.182
0.387762 1.62597e-45 3.35583e-103 0.34315 1.27451e-21 0.269088 1.16201
0.390001 4.11057e-67 1.15517e-117 0.345163 1.26294e-26 0.264836 1.14268
0.392192 3.86385e-86 1.47722e-130 0.347213 6.19606e-31 0.260595 1.12399
0.39434 6.31691e-103 4.56011e-142 0.349291 1.18637e-34 0.25637 1.10591
0.396447 9.2484e-118 2.32455e-152 0.35139 7.25207e-38 0.252163 1.0884
0.398518 6.88058e-131 1.41268e-161 0.353504 1.19765e-40 0.247978 1.07143
0.400555 1.60571e-142 7.74519e-170 0.355628 4.65231e-43 0.243817 1.05498
0.402561 7.78723e-153 3.01599e-177 0.357757 3.7881e-45 0.239682 1.03902
0.311171 0.129301 0.00140525 0.274013 0.0920619 0.192048 1.53535
0.319114 0.117024 9.72619e-25 0.281868 0.0812158 0.200778 1.48708
0.326757 0.103976 8.36335e-42 0.288877 0.0705793 0.209811 1.44381
0.334106 0.0908518 1.08542e-53 0.295555 0.0607194 0.218768 1.40476
0.341213 0.0777522 6.13208e-62 0.301931 0.0516017 0.227503 1.36928
0.348115 0.0647545 1.27625e-67 0.308038 0.0431765 0.235916 1.33688
0.354835 0.0519224 1.75522e-71 0.313912 0.0353846 0.243946 1.30713
0.36139 0.0393122 4.72287e-74 0.319588 0.0281622 0.251548 1.27969
0.367783 0.0269792 1.02197e-75 0.325098 0.0214437 0.258696 1.25427
0.374012 0.0149869 8.78918e-77 0.330474 0.0151641 0.265363 1.23063
0.380059 0.00342736 1.22034e-77 0.335741 0.00925799 0.271514 1.20856
0.383388 9.11441e-22 1.09218e-88 0.340638 0.00282236 0.273151 1.18777
0.385592 4.36847e-46 3.98136e-104 0.343771 7.23546e-07 0.270636 1.16778
0.3878 8.74762e-68 1.06647e-118 0.345744 3.28653e-12 0.266456 1.14845
0.389962 6.34588e-87 9.68321e-132 0.347751 5.41651e-17 0.262287 1.12975
0.392083 8.03826e-104 2.14503e-143 0.349784 3.48022e-21 0.258133 1.11166
0.394165 9.2016e-119 8.05653e-154 0.351837 7.52048e-25 0.253998 1.09414
0.396213 5.40832e-132 3.71216e-163 0.353903 4.67969e-28 0.249884 1.07715
0.398227 1.00768e-143 1.58584e-171 0.355978 7.30326e-31 0.245795 1.06069
0.400212 3.94237e-154 4.93413e-179 0.358057 2.53891e-33 0.241731 1.0447
0.309229 0.127645 8.0759e-06 0.272457 0.100907 0.189754 1.54375
0.31728 0.114854 4.10386e-30 0.279424 0.0903062 0.198136 1.49523
0.324963 0.101872 2.05511e-47 0.286043 0.0804658 0.206656 1.45173
0.33235 0.0888317 2.04578e-59 0.292338 0.0713752 0.215106 1.41247
0.339491 0.075831 1.05601e-67 0.298339 0.0629988 0.223341 1.3768
0.346421 0.0629483 2.27919e-73 0.30408 0.0552871 0.231264 1.34421
0.353163 0.0502486 3.57373e-77 0.309597 0.0481821 0.23881 1.31429
0.359729 0.0377898 1.17862e-79 0.314923 0.0416215 0.245936 1.28668
0.366126 0.02563 3.30778e-81 0.320091 0.0355418 0.252611 1.2611
0.372347 0.0138375 3.85295e-82 0.32513 0.0298796 0.258806 1.23731
0.37837 0.0025162 6.84354e-83 0.330065 0.0245698 0.264479 1.2151
0.381441 9.19581e-24 9.7356e-95 0.334627 0.0185774 0.265355 1.19413
0.383599 1.09648e-47 7.34902e-109 0.339034 0.012609 0.264757 1.17397
0.385685 6.69481e-69 1.08242e-121 0.343374 0.00693079 0.26401 1.15455
0.387709 1.00515e-87 2.01334e-133 0.347623 0.00156868 0.263099 1.13582
0.389765 1.32567e-104 9.82421e-145 0.350281 1.41133e-06 0.259952 1.11772
0.39182 1.20491e-119 3.11142e-155 0.352287 1.70657e-10 0.255892 1.10019
0.393842 5.52887e-133 1.12539e-164 0.354305 4.51807e-14 0.251853 1.08319
0.395833 8.07402e-145 3.77564e-173 0.356331 2.91521e-17 0.247837 1.06671
0.397795 2.49671e-155 9.36338e-181 0.358359 4.29114e-20 0.243846 1.05071
0.307221 0.125343 1.53964e-10 0.270471 0.109195 0.18777 1.55294
0.315306 0.112601 1.13392e-35 0.277052 0.0993984 0.195643 1.50418
0.323024 0.0996907 3.15704e-53 0.28329 0.0903394 0.203655 1.46046
0.330445 0.0867384 2.30591e-65 0.289211 0.0820019 0.211603 1.42099
0.337616 0.0738424 1.05119e-73 0.294847 0.0743498 0.219344 1.38512
0.34457 0.0610817 2.29183e-79 0.300232 0.0673338 0.226782 1.35235
0.351329 0.048522 4.00949e-83 0.305401 0.0608971 0.233851 1.32226
0.357904 0.0362233 1.58836e-85 0.310387 0.0549793 0.240506 1.29449
0.364299 0.0242463 5.64975e-87 0.315222 0.0495184 0.246714 1.26875
0.370507 0.0126651 8.61161e-88 0.319933 0.0444526 0.252443 1.2448
0.3765 0.00159763 1.70723e-88 0.324545 0.0397166 0.257641 1.22244
0.379307 6.1143e-26 2.76983e-101 0.32878 0.0341454 0.257767 1.20129
0.381501 8.7016e-50 3.58515e-115 0.3329 0.0286843 0.256915 1.18095
0.38362 6.49026e-71 9.46264e-128 0.336954 0.0235027 0.255923 1.16137
0.385675 1.2513e-89 3.93267e-139 0.340945 0.0185748 0.254806 1.14248
0.387673 3.0906e-106 1.93076e-149 0.34487 0.0138783 0.253578 1.12425
0.389623 5.3049e-121 8.59321e-159 0.348731 0.00939416 0.252252 1.10663
0.391528 3.73781e-134 2.69599e-167 0.352527 0.00510602 0.250838 1.08958
0.393399 6.70569e-146 4.19886e-175 0.356194 0.00115234 0.249255 1.07306
0.395306 1.88309e-156 1.58755e-182 0.358662 9.54238e-06 0.246022 1.05705
0.305067 0.122947 1.08705e-15 0.268544 0.117502 0.185941 1.56299
0.31318 0.110259 2.04532e-41 0.27475 0.108502 0.193309 1.51401
0.320928 0.0974237 2.95132e-59 0.280617 0.100212 0.20082 1.47008
0.328378 0.0845646 1.49395e-71 0.286173 0.092613 0.208271 1.4304
0.335574 0.0717798 5.76495e-80 0.291453 0.0856692 0.215524 1.39435
0.342548 0.0591482 1.23045e-85 0.296491 0.0793322 0.222481 1.3614
0.349318 0.046737 2.34588e-89 0.301321 0.0735462 0.229078 1.33113
0.355897 0.0346075 1.09608e-91 0.305976 0.0682524 0.235267 1.30319
0.362286 0.022824 4.86653e-93 0.310486 0.0633908 0.241013 1.2773
0.368474 0.0114666 9.55394e-94 0.314878 0.0589005 0.24628 1.25319
0.374426 0.000680729 1.67953e-94 0.319176 0.0547143 0.251003 1.23067
0.376968 2.80906e-28 3.25188e-108 0.323093 0.0495415 0.250397 1.20934
0.379197 4.64857e-52 7.0459e-122 0.32693 0.0445773 0.249297 1.18882
0.381349 4.07846e-73 3.10178e-134 0.330705 0.0398821 0.248064 1.16907
0.383435 9.15021e-92 2.11755e-145 0.334419 0.035431 0.246715 1.15003
0.385463 2.59839e-108 1.6866e-155 0.338072 0.0312026 0.245263 1.13165
0.387441 5.07866e-123 1.21449e-164 0.341662 0.0271785 0.243718 1.11388
0.389374 4.06342e-136 6.32488e-173 0.345191 0.0233429 0.242092 1.0967
0.391267 8.54632e-148 1.96046e-180 0.348658 0.0196821 0.240393 1.08007
0.393123 3.23562e-158 3.04908e-187 0.352064 0.0161843 0.238628 1.06394
0.302753 0.120453 4.88617e-21 0.266676 0.125841 0.184278 1.57398
0.310886 0.107821 2.41316e-47 0.272516 0.117629 0.191149 1.5248
0.318658 0.0950637 1.64103e-65 0.27802 0.110096 0.198162 1.48067
0.32613 0.082303 5.35144e-78 0.283222 0.103222 0.205123 1.4408
0.333346 0.0696357 1.65609e-86 0.288154 0.0969727 0.211892 1.40456
0.340334 0.0571412 3.32485e-92 0.292853 0.0912988 0.218373 1.37144
0.347112 0.0448873 6.7058e-96 0.297352 0.0861467 0.224502 1.341
0.353689 0.0329375 3.61363e-98 0.301684 0.0814591 0.23023 1.3129
0.360066 0.0213593 1.96802e-99 0.305878 0.0771775 0.235519 1.28685
0.366229 0.0102401 4.89356e-100 0.30996 0.0732422 0.240329 1.26258
0.372032 5.62491e-05 3.06671e-101 0.313942 0.0695423 0.244427 1.2399
0.374402 8.49128e-31 1.47069e-115 0.317559 0.0647867 0.243252 1.21837
0.376664 1.60553e-54 5.39154e-129 0.321118 0.0603089 0.241909 1.19768
0.378848 1.62738e-75 3.9885e-141 0.324619 0.0560894 0.240443 1.17775
0.380965 4.17704e-94 4.48679e-152 0.328062 0.0521042 0.238869 1.15855
0.383022 1.34045e-110 5.76511e-162 0.331447 0.0483331 0.237198 1.14002
0.385028 2.92531e-125 6.55943e-171 0.334772 0.0447581 0.235442 1.12212
0.386987 2.5843e-138 5.29272e-179 0.338039 0.0413641 0.23361 1.1048
0.388904 5.94108e-150 2.49639e-186 0.341247 0.0381378 0.231711 1.08804
0.390785 2.43637e-160 5.8145e-193 0.344396 0.0350678 0.229751 1.07179
0.300263 0.117853 1.61946e-26 0.264866 0.134221 0.182798 1.58602
0.308407 0.105278 1.89075e-53 0.270349 0.126791 0.189176 1.53666
0.316194 0.0926024 5.35382e-72 0.2755 0.120005 0.195698 1.49235
0.323683 0.0799453 1.02444e-84 0.280354 0.113846 0.202172 1.45231
0.330912 0.0674026 2.37169e-93 0.284947 0.108277 0.208462 1.41589
0.337908 0.0550536 4.25192e-99 0.289315 0.103251 0.214472 1.3826
0.344687 0.0429669 8.72292e-103 0.293492 0.0987171 0.220137 1.352
0.351256 0.0312082 5.26092e-105 0.297509 0.0946185 0.225408 1.32373
0.357614 0.0198487 3.43136e-106 0.301395 0.0908984 0.230244 1.29752
0.363744 0.00898445 1.0556e-106 0.305175 0.0874977 0.234599 1.2731
0.369196 3.17453e-07 5.44936e-109 0.308833 0.0841784 0.237793 1.25026
0.371582 1.58535e-33 2.29353e-123 0.312171 0.0799036 0.236343 1.22853
0.373876 3.36316e-57 1.44528e-136 0.315457 0.0759021 0.234765 1.20765
0.376091 3.86925e-78 1.82601e-148 0.31869 0.0721478 0.233072 1.18755
0.378236 1.11886e-96 3.44343e-159 0.321867 0.068618 0.231279 1.16819
0.380321 4.0036e-113 7.26365e-169 0.324988 0.0652931 0.229397 1.1495
0.382353 9.64102e-128 1.32836e-177 0.328054 0.062156 0.227437 1.13145
0.384337 9.30566e-141 1.68738e-185 0.331064 0.0591919 0.225407 1.114
0.386278 2.3161e-152 1.22806e-192 0.334017 0.0563883 0.223316 1.09711
0.388181 1.01979e-162 4.32952e-199 0.336915 0.0537339 0.22117 1.08074
