0.384296 0.000150502 1.16443e-11 0.316966 1.83129e-17 0.298588 0.525841
0.385322 0.000258794 1.86897e-11 0.317122 6.84989e-17 0.297297 0.50735
0.386246 0.000429088 3.00161e-11 0.317331 2.37743e-16 0.295994 0.490261
0.387053 0.000686551 4.79669e-11 0.317588 7.69247e-16 0.294672 0.47442
0.387725 0.00106129 7.5974e-11 0.317889 2.3312e-15 0.293325 0.459693
0.388238 0.0015872 1.18947e-10 0.318233 6.64675e-15 0.291942 0.445963
0.388571 0.00230002 1.83751e-10 0.318615 1.79067e-14 0.290514 0.433132
0.388699 0.00323488 2.79779e-10 0.319036 4.57665e-14 0.289031 0.42111
0.388602 0.00442351 4.1961e-10 0.319492 1.11385e-13 0.287483 0.409823
0.388264 0.00589166 6.1977e-10 0.319981 2.59033e-13 0.285863 0.399202
0.387675 0.00765708 9.01575e-10 0.320503 5.77454e-13 0.284164 0.38919
0.386835 0.00972833 1.29207e-09 0.321055 1.23761e-12 0.282381 0.379735
0.385749 0.0121045 1.82504e-09 0.321636 2.55695e-12 0.280511 0.370789
0.384427 0.0147761 2.54217e-09 0.322242 5.10513e-12 0.278555 0.362314
0.382889 0.0177258 3.49418e-09 0.322873 9.87244e-12 0.276512 0.35427
0.381156 0.020931 4.74221e-09 0.323526 1.85303e-11 0.274387 0.346626
0.379251 0.024365 6.35916e-09 0.324201 3.38237e-11 0.272183 0.339352
0.377202 0.0279991 8.43116e-09 0.324894 6.01463e-11 0.269905 0.33242
0.375032 0.0318041 1.10592e-08 0.325606 1.04367e-10 0.267558 0.325806
0.372766 0.0357514 1.43607e-08 0.326334 1.76988e-10 0.265149 0.319487
0.370427 0.0398143 1.84713e-08 0.327078 2.9374e-10 0.262681 0.313443
0.368036 0.0439679 2.35465e-08 0.327836 4.77735e-10 0.26016 0.307654
0.36561 0.04819 2.97636e-08 0.328608 7.62325e-10 0.257591 0.302105
0.363167 0.0524611 3.73235e-08 0.329393 1.19484e-09 0.254979 0.296778
0.360719 0.0567642 4.64524e-08 0.33019 1.84141e-09 0.252326 0.29166
0.358279 0.0610848 5.74038e-08 0.330999 2.79305e-09 0.249637 0.286738
0.355855 0.0654105 7.04605e-08 0.331819 4.17333e-09 0.246915 0.281998
0.353457 0.0697312 8.59359e-08 0.33265 6.14788e-09 0.244162 0.277431
0.351089 0.0740383 1.04176e-07 0.333492 8.93595e-09 0.24138 0.273026
0.348759 0.078325 1.25563e-07 0.334344 1.28245e-08 0.238572 0.268773
0.346468 0.0825858 1.50511e-07 0.335205 1.8185e-08 0.23574 0.264663
0.344221 0.0868161 1.79477e-07 0.336077 2.54934e-08 0.232885 0.26069
0.34202 0.0910125 2.12954e-07 0.336958 3.53536e-08 0.230009 0.256844
0.339866 0.0951724 2.51475e-07 0.337848 4.85246e-08 0.227113 0.253119
0.337761 0.0992936 2.95618e-07 0.338747 6.59523e-08 0.224198 0.24951
0.335704 0.103375 3.46001e-07 0.339655 8.8805e-08 0.221266 0.246009
0.333697 0.107415 4.03288e-07 0.340572 1.18515e-07 0.218316 0.242612
0.331738 0.111412 4.68188e-07 0.341498 1.56822e-07 0.215351 0.239313
0.329829 0.115368 5.41457e-07 0.342432 2.05828e-07 0.212371 0.236108
0.327967 0.119281 6.23897e-07 0.343374 2.68052e-07 0.209377 0.232992
0.326154 0.123151 7.16357e-07 0.344324 3.46487e-07 0.20637 0.229961
0.324388 0.126978 8.19736e-07 0.345283 4.44677e-07 0.20335 0.22701
0.322668 0.130762 9.3498e-07 0.346249 5.66777e-07 0.200319 0.224138
0.320994 0.134504 1.06308e-06 0.347224 7.17642e-07 0.197277 0.221339
0.319364 0.138203 1.20509e-06 0.348205 9.02896e-07 0.194225 0.218611
0.317779 0.141861 1.3621e-06 0.349195 1.12903e-06 0.191163 0.21595
0.316237 0.145476 1.53525e-06 0.350191 1.40346e-06 0.188093 0.213355
0.314737 0.14905 1.72572e-06 0.351195 1.73468e-06 0.185015 0.210822
0.313279 0.152582 1.93477e-06 0.352206 2.13226e-06 0.181929 0.208349
0.311862 0.156072 2.16367e-06 0.353224 2.60702e-06 0.178836 0.205933
0.310486 0.159522 2.41374e-06 0.354248 3.17107e-06 0.175738 0.203573
0.309149 0.16293 2.68638e-06 0.355279 3.8379e-06 0.172635 0.201265
0.307851 0.166297 2.983e-06 0.356317 4.62246e-06 0.169527 0.199009
0.306592 0.169623 3.30505e-06 0.357361 5.54126e-06 0.166415 0.196802
0.30537 0.172908 3.65404e-06 0.35841 6.61235e-06 0.163301 0.194642
0.304186 0.176152 4.03151e-06 0.359465 7.85548e-06 0.160185 0.192528
0.303039 0.179354 4.43904e-06 0.360526 9.29204e-06 0.157067 0.190457
0.301928 0.182515 4.87822e-06 0.361592 1.09451e-05 0.153949 0.18843
0.300853 0.185634 5.3507e-06 0.362663 1.28395e-05 0.150832 0.186443
0.299813 0.188712 5.85814e-06 0.363738 1.50018e-05 0.147716 0.184496
0.384178 0.000148723 1.17778e-11 0.316937 2.46142e-17 0.298736 0.52594
0.385199 0.0002569 1.88836e-11 0.317094 9.20931e-17 0.297449 0.507454
0.386117 0.000427681 3.02973e-11 0.317304 3.19687e-16 0.296151 0.490371
0.386918 0.000686766 4.83712e-11 0.317561 1.03448e-15 0.294834 0.474535
0.387581 0.00106498 7.65464e-11 0.317863 3.1351e-15 0.29349 0.459812
0.388085 0.00159709 1.1974e-10 0.318207 8.93874e-15 0.29211 0.446087
0.388405 0.00231979 1.8482e-10 0.318591 2.40803e-14 0.290684 0.433259
0.388516 0.00326913 2.81167e-10 0.319012 6.15403e-14 0.289202 0.421242
0.388399 0.00447763 4.21334e-10 0.319469 1.49759e-13 0.287654 0.409958
0.388035 0.00597156 6.21783e-10 0.31996 3.48227e-13 0.286033 0.399341
0.387418 0.00776883 9.03719e-10 0.320483 7.76165e-13 0.28433 0.389332
0.386543 0.00987782 1.29401e-09 0.321037 1.66317e-12 0.282542 0.37988
0.385419 0.0122971 1.82618e-09 0.321618 3.43541e-12 0.280666 0.370938
0.384056 0.0150162 2.54151e-09 0.322226 6.85725e-12 0.278702 0.362465
0.382474 0.018017 3.49024e-09 0.322858 1.32567e-11 0.276651 0.354426
0.380695 0.0212755 4.73278e-09 0.323513 2.48738e-11 0.274516 0.346785
0.378745 0.0247641 6.34114e-09 0.324188 4.53844e-11 0.272302 0.339514
0.37665 0.0284528 8.40035e-09 0.324883 8.06678e-11 0.270014 0.332586
0.374435 0.0323117 1.101e-08 0.325595 1.39906e-10 0.267658 0.325975
0.372127 0.0363114 1.42858e-08 0.326324 2.37122e-10 0.265238 0.31966
0.369747 0.0404243 1.83613e-08 0.327068 3.93297e-10 0.262761 0.313619
0.367317 0.0446253 2.33898e-08 0.327826 6.3922e-10 0.260231 0.307834
0.364856 0.0488918 2.95456e-08 0.328598 1.01926e-09 0.257654 0.302288
0.36238 0.0532041 3.70264e-08 0.329382 1.59628e-09 0.255034 0.296964
0.359902 0.0575449 4.60548e-08 0.330179 2.45798e-09 0.252374 0.29185
0.357435 0.0618998 5.68801e-08 0.330987 3.72487e-09 0.249679 0.28693
0.354987 0.0662565 6.97802e-08 0.331806 5.56029e-09 0.246951 0.282194
0.352567 0.0706048 8.50636e-08 0.332635 8.18273e-09 0.244193 0.277629
0.35018 0.0749364 1.03071e-07 0.333475 1.18809e-08 0.241408 0.273227
0.347833 0.0792444 1.24175e-07 0.334326 1.70319e-08 0.238596 0.268976
0.345529 0.0835235 1.48788e-07 0.335185 2.41229e-08 0.235762 0.26487
0.343271 0.0877694 1.77355e-07 0.336055 3.37767e-08 0.232905 0.260898
0.34106 0.0919788 2.10363e-07 0.336933 4.67819e-08 0.230027 0.257055
0.338899 0.0961491 2.48336e-07 0.337821 6.41273e-08 0.22713 0.253332
0.336788 0.100278 2.91841e-07 0.338718 8.70423e-08 0.224215 0.249725
0.334728 0.104366 3.41488e-07 0.339623 1.17042e-07 0.221283 0.246226
0.332719 0.108409 3.97931e-07 0.340537 1.55978e-07 0.218334 0.242831
0.33076 0.112409 4.61866e-07 0.34146 2.06096e-07 0.21537 0.239534
0.328852 0.116365 5.34038e-07 0.342391 2.70102e-07 0.212392 0.23633
0.326993 0.120276 6.15237e-07 0.34333 3.51226e-07 0.2094 0.233215
0.325183 0.124143 7.06301e-07 0.344277 4.53303e-07 0.206395 0.230185
0.323422 0.127966 8.08114e-07 0.345232 5.80855e-07 0.203378 0.227236
0.321708 0.131745 9.2161e-07 0.346195 7.39175e-07 0.20035 0.224364
0.320041 0.13548 1.04777e-06 0.347166 9.34422e-07 0.197311 0.221566
0.31842 0.139172 1.18763e-06 0.348144 1.17372e-06 0.194262 0.218839
0.316843 0.14282 1.34226e-06 0.34913 1.46526e-06 0.191204 0.216179
0.315311 0.146426 1.51279e-06 0.350123 1.81839e-06 0.188137 0.213585
0.313822 0.149989 1.7004e-06 0.351123 2.24373e-06 0.185063 0.211052
0.312375 0.15351 1.90631e-06 0.35213 2.75329e-06 0.181981 0.20858
0.31097 0.156988 2.1318e-06 0.353144 3.36055e-06 0.178893 0.206164
0.309606 0.160425 2.37817e-06 0.354164 4.08055e-06 0.175798 0.203804
0.308282 0.163821 2.64679e-06 0.355191 4.93002e-06 0.172699 0.201497
0.306997 0.167174 2.93907e-06 0.356225 5.92742e-06 0.169595 0.199241
0.305752 0.170487 3.25645e-06 0.357265 7.09304e-06 0.166487 0.197033
0.304544 0.173757 3.60041e-06 0.35831 8.44907e-06 0.163376 0.194874
0.303375 0.176987 3.9725e-06 0.359362 1.00196e-05 0.160263 0.192759
0.302242 0.180175 4.37425e-06 0.360419 1.18307e-05 0.157148 0.190689
0.301147 0.183321 4.80728e-06 0.361481 1.39103e-05 0.154033 0.188661
0.300087 0.186425 5.27321e-06 0.362547 1.62885e-05 0.150919 0.186675
0.299064 0.189487 5.77368e-06 0.363619 1.89971e-05 0.147805 0.184727
0.38406 0.00014777 1.1925e-11 0.316907 3.37221e-17 0.298886 0.52605
0.385075 0.00025639 1.90967e-11 0.317065 1.26188e-16 0.297604 0.507571
0.385986 0.000428517 3.06054e-11 0.317275 4.38073e-16 0.29631 0.490493
0.386779 0.000690499 4.88122e-11 0.317534 1.41757e-15 0.294997 0.474661
0.387433 0.00107401 7.7167e-11 0.317837 4.2959e-15 0.293657 0.459943
0.387924 0.00161479 1.20593e-10 0.318181 1.22473e-14 0.292279 0.446223
0.388228 0.00235063 1.85956e-10 0.318566 3.29896e-14 0.290855 0.433399
0.38832 0.00331857 2.82622e-10 0.318988 8.4297e-14 0.289373 0.421386
0.388178 0.0045519 4.231e-10 0.319447 2.05103e-13 0.287824 0.410105
0.387784 0.0060774 6.23774e-10 0.319939 4.76828e-13 0.286199 0.399492
0.387132 0.00791304 9.05712e-10 0.320464 1.06258e-12 0.284492 0.389487
0.386217 0.0100668 1.29556e-09 0.321018 2.27635e-12 0.282697 0.380038
0.385048 0.0125366 1.82654e-09 0.321601 4.70068e-12 0.280814 0.371099
0.383638 0.0153109 2.53947e-09 0.322211 9.37984e-12 0.27884 0.36263
0.382007 0.0183703 3.48398e-09 0.322844 1.8127e-11 0.276779 0.354594
0.380177 0.0216895 4.71968e-09 0.3235 3.39984e-11 0.274634 0.346957
0.378176 0.0252396 6.31756e-09 0.324176 6.20048e-11 0.272408 0.33969
0.37603 0.0289895 8.36133e-09 0.324872 1.10153e-10 0.270109 0.332765
0.373766 0.0329082 1.0949e-08 0.325584 1.90935e-10 0.267741 0.326159
0.37141 0.0369655 1.41944e-08 0.326313 3.23407e-10 0.265311 0.319847
0.368986 0.0411332 1.82288e-08 0.327057 5.36043e-10 0.262823 0.31381
0.366515 0.0453857 2.32025e-08 0.327815 8.70568e-10 0.260284 0.308029
0.364015 0.0497 2.92871e-08 0.328587 1.38702e-09 0.257698 0.302486
0.361504 0.0540563 3.66763e-08 0.329371 2.17035e-09 0.255069 0.297166
0.358994 0.0584373 4.55886e-08 0.330166 3.33882e-09 0.252402 0.292055
0.356498 0.0628285 5.62687e-08 0.330973 5.05468e-09 0.249701 0.287139
0.354024 0.0672176 6.89891e-08 0.331791 7.53742e-09 0.246967 0.282406
0.351582 0.0715946 8.40523e-08 0.332619 1.10801e-08 0.244205 0.277844
0.349176 0.0759513 1.01792e-07 0.333457 1.6069e-08 0.241415 0.273445
0.346813 0.0802811 1.22576e-07 0.334305 2.30078e-08 0.238601 0.269197
0.344494 0.0845788 1.46805e-07 0.335163 3.25456e-08 0.235764 0.265093
0.342224 0.0888402 1.74918e-07 0.33603 4.55105e-08 0.232906 0.261124
0.340005 0.0930622 2.07391e-07 0.336906 6.2948e-08 0.230027 0.257283
0.337836 0.0972424 2.44739e-07 0.337791 8.61665e-08 0.22713 0.253563
0.33572 0.101379 2.8752e-07 0.338684 1.16788e-07 0.224216 0.249957
0.333657 0.105471 3.3633e-07 0.339587 1.56807e-07 0.221284 0.246461
0.331646 0.109518 3.91811e-07 0.340498 2.08655e-07 0.218337 0.243067
0.329688 0.113519 4.54649e-07 0.341417 2.75272e-07 0.215375 0.239772
0.327781 0.117474 5.25574e-07 0.342344 3.60189e-07 0.2124 0.236569
0.325926 0.121383 6.05362e-07 0.34328 4.67613e-07 0.209411 0.233456
0.324121 0.125245 6.94836e-07 0.344223 6.02523e-07 0.206409 0.230427
0.322365 0.129062 7.94867e-07 0.345175 7.70772e-07 0.203396 0.227479
0.320658 0.132834 9.06373e-07 0.346134 9.79192e-07 0.200372 0.224609
0.318999 0.136561 1.03032e-06 0.3471 1.23571e-06 0.197337 0.221812
0.317386 0.140243 1.16772e-06 0.348074 1.54946e-06 0.194293 0.219085
0.31582 0.143882 1.31964e-06 0.349056 1.93091e-06 0.19124 0.216427
0.314298 0.147476 1.48719e-06 0.350044 2.39199e-06 0.188178 0.213833
0.31282 0.151027 1.67152e-06 0.35104 2.9462e-06 0.185109 0.211301
0.311385 0.154535 1.87385e-06 0.352043 3.60873e-06 0.182032 0.208829
0.309992 0.158 2.09543e-06 0.353052 4.3966e-06 0.178949 0.206414
0.308641 0.161423 2.33755e-06 0.354069 5.32873e-06 0.175859 0.204054
0.307331 0.164804 2.60157e-06 0.355091 6.42608e-06 0.172765 0.201747
0.306061 0.168142 2.88886e-06 0.356121 7.71172e-06 0.169666 0.19949
0.304829 0.171439 3.20086e-06 0.357156 9.2109e-06 0.166563 0.197283
0.303637 0.174694 3.53905e-06 0.358197 1.09511e-05 0.163457 0.195124
0.302483 0.177908 3.90492e-06 0.359244 1.29621e-05 0.160348 0.193009
0.301366 0.18108 4.30002e-06 0.360296 1.52759e-05 0.157238 0.190939
0.300286 0.18421 4.72594e-06 0.361354 1.79269e-05 0.154127 0.188911
0.299243 0.187298 5.18428e-06 0.362417 2.09515e-05 0.151016 0.186924
0.298236 0.190344 5.67669e-06 0.363484 2.43886e-05 0.147907 0.184976
0.38394 0.000147625 1.20865e-11 0.316876 4.71172e-17 0.299037 0.526172
0.384948 0.000257252 1.93301e-11 0.317035 1.7632e-16 0.29776 0.507698
0.385852 0.000431605 3.09416e-11 0.317246 6.12087e-16 0.29647 0.490626
0.386636 0.000697799 4.92914e-11 0.317505 1.98049e-15 0.295161 0.4748
0.387278 0.00108848 7.78374e-11 0.317809 6.001e-15 0.293824 0.460087
0.387756 0.00164054 1.21507e-10 0.318155 1.71057e-14 0.292449 0.446371
0.388041 0.00239292 1.87161e-10 0.31854 4.60676e-14 0.291025 0.433551
0.388109 0.00338373 2.84143e-10 0.318964 1.1769e-13 0.289543 0.421542
0.387938 0.00464711 4.24909e-10 0.319424 2.86289e-13 0.287991 0.410265
0.38751 0.00621022 6.25744e-10 0.319917 6.65407e-13 0.286362 0.399655
0.386816 0.00809102 9.07551e-10 0.320444 1.48242e-12 0.284649 0.389654
0.385856 0.010297 1.29673e-09 0.321 3.17484e-12 0.282847 0.380208
0.384637 0.0128249 1.82611e-09 0.321584 6.55394e-12 0.280953 0.371274
0.383174 0.0156622 2.53603e-09 0.322195 1.30731e-11 0.278969 0.362808
0.381486 0.0187878 3.47539e-09 0.32283 2.52542e-11 0.276896 0.354776
0.379599 0.0221751 4.7029e-09 0.323487 4.73442e-11 0.274738 0.347143
0.377541 0.0257937 6.28839e-09 0.324164 8.63e-11 0.272501 0.33988
0.37534 0.0296112 8.31414e-09 0.32486 1.53227e-10 0.270189 0.332959
0.373022 0.0335955 1.08763e-08 0.325574 2.65429e-10 0.267808 0.326356
0.370616 0.0377156 1.40867e-08 0.326303 4.49273e-10 0.265366 0.320049
0.368143 0.0419425 1.80739e-08 0.327047 7.44099e-10 0.262867 0.314016
0.365628 0.0462504 2.29853e-08 0.327805 1.20747e-09 0.260317 0.308238
0.363087 0.0506158 2.89889e-08 0.328575 1.92207e-09 0.257722 0.3027
0.360538 0.0550188 3.62744e-08 0.329358 3.00469e-09 0.255085 0.297384
0.357995 0.0594421 4.50557e-08 0.330153 4.61764e-09 0.25241 0.292276
0.355468 0.0638712 5.55722e-08 0.330958 6.98315e-09 0.249702 0.287364
0.352969 0.068294 6.80905e-08 0.331774 1.04012e-08 0.246963 0.282634
0.350503 0.0727006 8.29067e-08 0.3326 1.52715e-08 0.244196 0.278076
0.348077 0.077083 1.00347e-07 0.333437 2.21198e-08 0.241403 0.273679
0.345697 0.0814347 1.20771e-07 0.334282 3.16299e-08 0.238586 0.269435
0.343364 0.0857509 1.44571e-07 0.335137 4.46809e-08 0.235748 0.265334
0.341083 0.0900275 1.72177e-07 0.336001 6.23915e-08 0.232888 0.261367
0.338854 0.0942617 2.04054e-07 0.336874 8.61709e-08 0.23001 0.257529
0.336679 0.0984512 2.40706e-07 0.337756 1.17777e-07 0.227113 0.253811
0.334558 0.102595 2.82679e-07 0.338647 1.59386e-07 0.2242 0.250208
0.332492 0.106691 3.30557e-07 0.339545 2.13661e-07 0.22127 0.246713
0.330481 0.11074 3.84968e-07 0.340453 2.83843e-07 0.218326 0.243321
0.328523 0.11474 4.46583e-07 0.341368 3.73842e-07 0.215367 0.240028
0.326619 0.118693 5.16118e-07 0.342292 4.88335e-07 0.212395 0.236827
0.324768 0.122598 5.94335e-07 0.343223 6.32881e-07 0.20941 0.233715
0.322968 0.126455 6.82039e-07 0.344162 8.14038e-07 0.206413 0.230688
0.321219 0.130265 7.80084e-07 0.345109 1.03949e-06 0.203405 0.227741
0.319519 0.134029 8.8937e-07 0.346064 1.31817e-06 0.200386 0.224871
0.317869 0.137746 1.01085e-06 0.347026 1.66044e-06 0.197357 0.222076
0.316266 0.141417 1.14551e-06 0.347996 2.07815e-06 0.194318 0.21935
0.314709 0.145043 1.2944e-06 0.348973 2.58489e-06 0.191271 0.216692
0.313199 0.148625 1.45862e-06 0.349956 3.19605e-06 0.188215 0.214099
0.311733 0.152162 1.63929e-06 0.350947 3.929e-06 0.185152 0.211568
0.310311 0.155656 1.83762e-06 0.351945 4.80323e-06 0.182081 0.209096
0.308931 0.159106 2.05482e-06 0.35295 5.84048e-06 0.179005 0.206681
0.307594 0.162514 2.29219e-06 0.353961 7.06485e-06 0.175922 0.204321
0.306298 0.165878 2.55104e-06 0.354979 8.5029e-06 0.172834 0.202015
0.305042 0.1692 2.83274e-06 0.356003 1.01838e-05 0.169741 0.199759
0.303826 0.17248 3.13871e-06 0.357034 1.21393e-05 0.166644 0.197552
0.302649 0.175719 3.47039e-06 0.35807 1.44038e-05 0.163544 0.195392
0.301511 0.178915 3.82927e-06 0.359112 1.70145e-05 0.160441 0.193277
0.30041 0.182069 4.21689e-06 0.36016 2.00112e-05 0.157336 0.191207
0.299347 0.185181 4.6348e-06 0.361213 2.34364e-05 0.15423 0.189178
0.29832 0.188252 5.08458e-06 0.362271 2.7335e-05 0.151124 0.187191
0.29733 0.19128 5.56788e-06 0.363333 3.17545e-05 0.148019 0.185243
0.383819 0.000148287 1.22629e-11 0.316844 6.718e-17 0.299189 0.526306
0.38482 0.000259498 1.95844e-11 0.317004 2.51378e-16 0.297917 0.507838
0.385715 0.000436986 3.1307e-11 0.317216 8.72525e-16 0.296632 0.490771
0.386489 0.000708763 4.98101e-11 0.317476 2.82265e-15 0.295327 0.474951
0.387118 0.0011086 7.85594e-11 0.31778 8.55093e-15 0.293993 0.460242
0.387579 0.00167465 1.22485e-10 0.318127 2.43684e-14 0.292619 0.446531
0.387843 0.00244716 1.88438e-10 0.318514 6.56099e-14 0.291196 0.433716
0.387884 0.00346539 2.85733e-10 0.318939 1.67571e-13 0.289712 0.42171
0.387679 0.00476428 4.2676e-10 0.3194 4.0751e-13 0.288157 0.410437
0.387211 0.00637136 6.27688e-10 0.319896 9.46873e-13 0.286522 0.399831
0.386471 0.00830439 9.09229e-10 0.320423 2.10881e-12 0.284801 0.389833
0.385459 0.0105701 1.29749e-09 0.320982 4.5148e-12 0.28299 0.380392
0.384183 0.0131642 1.82488e-09 0.321568 9.31656e-12 0.281085 0.371461
0.382659 0.0160723 2.53115e-09 0.32218 1.8576e-11 0.279088 0.363
0.38091 0.0192721 3.46443e-09 0.322816 3.58679e-11 0.277002 0.354971
0.37896 0.0227349 4.68241e-09 0.323475 6.72071e-11 0.27483 0.347342
0.37684 0.0264289 6.25363e-09 0.324153 1.22437e-10 0.272578 0.340083
0.374578 0.0303203 8.25876e-09 0.32485 2.1725e-10 0.270252 0.333167
0.372203 0.0343759 1.07921e-08 0.325563 3.76072e-10 0.267858 0.326569
0.369741 0.0385637 1.39628e-08 0.326293 6.36065e-10 0.265403 0.320265
0.367217 0.0428542 1.7897e-08 0.327037 1.05259e-09 0.262892 0.314237
0.364654 0.0472209 2.27387e-08 0.327794 1.70652e-09 0.260331 0.308464
0.36207 0.0516404 2.86518e-08 0.328564 2.71384e-09 0.257726 0.302929
0.359482 0.0560925 3.5822e-08 0.329345 4.23801e-09 0.25508 0.297617
0.356904 0.06056 4.44579e-08 0.330138 6.50582e-09 0.252398 0.292514
0.354346 0.0650284 5.47932e-08 0.330942 9.82705e-09 0.249683 0.287605
0.351819 0.0694858 6.70883e-08 0.331756 1.4619e-08 0.246939 0.282879
0.349329 0.0739226 8.16319e-08 0.33258 2.14364e-08 0.244168 0.278325
0.346884 0.078331 9.87426e-08 0.333414 3.10071e-08 0.241372 0.273931
0.344486 0.0827047 1.18771e-07 0.334257 4.42754e-08 0.238553 0.26969
0.342139 0.0870391 1.421e-07 0.335109 6.24521e-08 0.235713 0.265592
0.339847 0.0913305 1.69149e-07 0.33597 8.70741e-08 0.232853 0.261628
0.337609 0.0955762 2.00371e-07 0.336839 1.20072e-07 0.229975 0.257792
0.335428 0.0997743 2.3626e-07 0.337718 1.63847e-07 0.22708 0.254077
0.333303 0.103924 2.77347e-07 0.338604 2.21362e-07 0.224168 0.250476
0.331235 0.108023 3.24203e-07 0.339499 2.96235e-07 0.221242 0.246984
0.329223 0.112073 3.77441e-07 0.340402 3.92855e-07 0.218301 0.243594
0.327268 0.116072 4.37718e-07 0.341314 5.16496e-07 0.215346 0.240302
0.325367 0.120021 5.05732e-07 0.342233 6.73453e-07 0.212378 0.237103
0.32352 0.123921 5.82226e-07 0.34316 8.71178e-07 0.209399 0.233993
0.321726 0.127771 6.67991e-07 0.344094 1.11844e-06 0.206407 0.230967
0.319984 0.131573 7.6386e-07 0.345037 1.42547e-06 0.203405 0.228021
0.318293 0.135326 8.70716e-07 0.345986 1.80413e-06 0.200392 0.225153
0.316651 0.139032 9.89486e-07 0.346944 2.26812e-06 0.197369 0.222358
0.315059 0.142691 1.12115e-06 0.347908 2.83308e-06 0.194338 0.219633
0.313514 0.146304 1.26672e-06 0.34888 3.51684e-06 0.191297 0.216976
0.312015 0.149872 1.42728e-06 0.349859 4.33954e-06 0.188249 0.214384
0.310562 0.153394 1.60393e-06 0.350844 5.32384e-06 0.185193 0.211853
0.309153 0.156872 1.79786e-06 0.351837 6.49505e-06 0.18213 0.209381
0.307787 0.160306 2.01026e-06 0.352836 7.88128e-06 0.179061 0.206967
0.306464 0.163696 2.24239e-06 0.353842 9.51358e-06 0.175985 0.204608
0.305183 0.167043 2.49556e-06 0.354855 1.14261e-05 0.172905 0.202301
0.303943 0.170347 2.77111e-06 0.355874 1.3656e-05 0.169819 0.200045
0.302743 0.173609 3.07043e-06 0.356899 1.62437e-05 0.16673 0.197838
0.301582 0.176829 3.39494e-06 0.35793 1.92329e-05 0.163637 0.195678
0.30046 0.180007 3.74612e-06 0.358967 2.26704e-05 0.16054 0.193563
0.299376 0.183142 4.12546e-06 0.360009 2.66062e-05 0.157442 0.191493
0.298329 0.186236 4.53451e-06 0.361057 3.10933e-05 0.154342 0.189464
0.29732 0.189288 4.97484e-06 0.362109 3.61876e-05 0.151242 0.187476
0.296347 0.192298 5.44804e-06 0.363167 4.19477e-05 0.148142 0.185528
0.383696 0.000149762 1.2455e-11 0.316811 9.78067e-17 0.299343 0.526452
0.384689 0.000263159 1.98606e-11 0.316972 3.65906e-16 0.298076 0.50799
0.385575 0.000444738 3.17027e-11 0.317184 1.26973e-15 0.296795 0.490929
0.386337 0.000723547 5.03697e-11 0.317445 4.10646e-15 0.295494 0.475113
0.386952 0.00113463 7.93345e-11 0.317751 1.24363e-14 0.294162 0.46041
0.387394 0.00171758 1.23528e-10 0.318099 3.54296e-14 0.29279 0.446703
0.387633 0.00251404 1.89788e-10 0.318487 9.53602e-14 0.291366 0.433892
0.387642 0.00356449 2.87391e-10 0.318914 2.43473e-13 0.289879 0.421891
0.387399 0.0049047 4.28652e-10 0.319377 5.91891e-13 0.28832 0.410622
0.386886 0.00656245 6.29601e-10 0.319874 1.37481e-12 0.286678 0.40002
0.386093 0.00855514 9.10732e-10 0.320403 3.06074e-12 0.284948 0.390026
0.385023 0.0108886 1.29782e-09 0.320963 6.55021e-12 0.283125 0.380588
0.383684 0.0135569 1.82282e-09 0.321551 1.3511e-11 0.281208 0.371661
0.382094 0.0165442 2.5248e-09 0.322165 2.69265e-11 0.279197 0.363204
0.380276 0.0198259 3.45106e-09 0.322803 5.19648e-11 0.277095 0.35518
0.378258 0.0233718 4.65816e-09 0.323462 9.73131e-11 0.274908 0.347556
0.37607 0.027148 6.21323e-09 0.324142 1.77171e-10 0.27264 0.340301
0.373742 0.0311196 8.19521e-09 0.324839 3.14152e-10 0.270299 0.33339
0.371305 0.0352518 1.06962e-08 0.325553 5.43398e-10 0.26789 0.326796
0.368784 0.039512 1.3823e-08 0.326283 9.18299e-10 0.265421 0.320497
0.366206 0.04387 1.76984e-08 0.327026 1.51826e-09 0.262898 0.314473
0.363593 0.0482989 2.24631e-08 0.327782 2.45908e-09 0.260325 0.308705
0.360964 0.0527751 2.82769e-08 0.328551 3.90648e-09 0.25771 0.303175
0.358335 0.0572784 3.53205e-08 0.329332 6.0936e-09 0.255055 0.297867
0.35572 0.0617915 4.37973e-08 0.330123 9.34312e-09 0.252365 0.292768
0.353131 0.0663004 5.39349e-08 0.330925 1.40949e-08 0.249644 0.287863
0.350576 0.0707932 6.59866e-08 0.331736 2.094e-08 0.246895 0.283141
0.348062 0.0752605 8.02335e-08 0.332558 3.0662e-08 0.244119 0.27859
0.345596 0.0796949 9.69859e-08 0.333389 4.42868e-08 0.241321 0.274201
0.343181 0.0840904 1.16585e-07 0.334228 6.31412e-08 0.2385 0.269963
0.340821 0.0884426 1.39403e-07 0.335077 8.89223e-08 0.235659 0.265867
0.338517 0.0927482 1.65848e-07 0.335935 1.23778e-07 0.2328 0.261907
0.336271 0.0970047 1.96362e-07 0.336801 1.70397e-07 0.229923 0.258074
0.334084 0.10121 2.31425e-07 0.337675 2.32116e-07 0.22703 0.254361
0.331956 0.105364 2.71554e-07 0.338557 3.13035e-07 0.224122 0.250763
0.329886 0.109466 3.17306e-07 0.339448 4.18152e-07 0.221199 0.247272
0.327875 0.113515 3.69277e-07 0.340347 5.535e-07 0.218262 0.243885
0.325922 0.117512 4.28107e-07 0.341253 7.26314e-07 0.215312 0.240595
0.324024 0.121456 4.94477e-07 0.342168 9.45192e-07 0.21235 0.237398
0.322183 0.125349 5.69112e-07 0.34309 1.22028e-06 0.209376 0.234289
0.320396 0.129191 6.52783e-07 0.344019 1.56348e-06 0.206392 0.231264
0.318662 0.132983 7.46302e-07 0.344956 1.98863e-06 0.203396 0.22832
0.31698 0.136726 8.50532e-07 0.345901 2.5117e-06 0.200391 0.225453
0.315348 0.140419 9.66378e-07 0.346853 3.15106e-06 0.197376 0.222659
0.313767 0.144065 1.09479e-06 0.347812 3.92764e-06 0.194352 0.219935
0.312233 0.147663 1.23678e-06 0.348778 4.86517e-06 0.19132 0.217279
0.310747 0.151214 1.39338e-06 0.349751 5.99037e-06 0.18828 0.214687
0.309307 0.15472 1.56569e-06 0.350731 7.33316e-06 0.185232 0.212157
0.307912 0.158181 1.75485e-06 0.351718 8.92684e-06 0.182178 0.209686
0.306561 0.161597 1.96205e-06 0.352712 1.08082e-05 0.179117 0.207272
0.305254 0.164969 2.18852e-06 0.353712 1.30178e-05 0.17605 0.204913
0.303988 0.168298 2.43553e-06 0.354719 1.55999e-05 0.172978 0.202606
0.302763 0.171583 2.7044e-06 0.355732 1.86027e-05 0.169901 0.20035
0.301579 0.174825 2.9965e-06 0.356751 2.2078e-05 0.166819 0.198143
0.300435 0.178026 3.31324e-06 0.357776 2.60819e-05 0.163734 0.195983
0.29933 0.181184 3.65604e-06 0.358807 3.0674e-05 0.160645 0.193868
0.298263 0.1843 4.02639e-06 0.359844 3.59175e-05 0.157554 0.191797
0.297233 0.187374 4.42581e-06 0.360886 4.18795e-05 0.154461 0.189768
0.296241 0.190406 4.85584e-06 0.361933 4.86299e-05 0.151367 0.187779
0.295285 0.193396 5.31805e-06 0.362985 5.62417e-05 0.148272 0.18583
0.383572 0.000152075 1.26634e-11 0.316777 1.45497e-16 0.299499 0.526609
0.384557 0.000268292 2.01597e-11 0.316938 5.44149e-16 0.298236 0.508153
0.385433 0.000454977 3.213e-11 0.317152 1.88757e-15 0.29696 0.491098
0.386182 0.000742364 5.09719e-11 0.317414 6.1023e-15 0.295662 0.475288
0.38678 0.00116694 8.01645e-11 0.317721 1.84734e-14 0.294332 0.46059
0.3872 0.00176989 1.24637e-10 0.31807 5.26073e-14 0.29296 0.446888
0.387411 0.00259439 1.91211e-10 0.31846 1.41538e-13 0.291535 0.434081
0.387385 0.00368222 2.89117e-10 0.318888 3.61229e-13 0.290045 0.422084
0.387098 0.00506992 4.30579e-10 0.319353 8.77809e-13 0.288479 0.410819
0.386533 0.00678543 6.31473e-10 0.319852 2.03808e-12 0.28683 0.400221
0.385682 0.0088456 9.12047e-10 0.320384 4.53546e-12 0.285089 0.390231
0.384547 0.011255 1.29771e-09 0.320945 9.70191e-12 0.283253 0.380797
0.383138 0.0140061 1.81988e-09 0.321535 2.00023e-11 0.281321 0.371875
0.381474 0.0170808 2.51694e-09 0.322151 3.98425e-11 0.279294 0.363422
0.379582 0.0204525 3.43522e-09 0.32279 7.68471e-11 0.277175 0.355402
0.377489 0.0240888 4.63009e-09 0.323451 1.43819e-10 0.274971 0.347783
0.375229 0.0279541 6.16715e-09 0.324131 2.61659e-10 0.272686 0.340534
0.372831 0.0320118 8.12346e-09 0.324829 4.63608e-10 0.270328 0.333627
0.370327 0.0362259 1.05889e-08 0.325543 8.01245e-10 0.267904 0.327038
0.367744 0.0405629 1.36673e-08 0.326272 1.35281e-09 0.26542 0.320745
0.365109 0.0449921 1.74786e-08 0.327015 2.23444e-09 0.262883 0.314726
0.362444 0.0494861 2.21594e-08 0.327771 3.61518e-09 0.260299 0.308962
0.359767 0.0540213 2.78651e-08 0.328538 5.73647e-09 0.257673 0.303437
0.357096 0.0585774 3.47716e-08 0.329317 8.93722e-09 0.255009 0.298134
0.354444 0.0631375 4.30763e-08 0.330106 1.36854e-08 0.252312 0.293039
0.351822 0.0676875 5.30004e-08 0.330906 2.06173e-08 0.249585 0.288139
0.349239 0.0722161 6.47899e-08 0.331715 3.05858e-08 0.24683 0.283421
0.346701 0.076714 7.87178e-08 0.332533 4.47187e-08 0.244052 0.278874
0.344214 0.0811742 9.5085e-08 0.333361 6.44879e-08 0.24125 0.274488
0.341783 0.0855911 1.14223e-07 0.334197 9.17922e-08 0.238429 0.270253
0.339409 0.0899606 1.36493e-07 0.335042 1.29052e-07 0.235588 0.266161
0.337094 0.0942795 1.62292e-07 0.335896 1.79323e-07 0.23273 0.262204
0.334841 0.0985458 1.92048e-07 0.336758 2.46415e-07 0.229855 0.258374
0.332649 0.102758 2.26228e-07 0.337628 3.35045e-07 0.226965 0.254664
0.330518 0.106916 2.65333e-07 0.338506 4.50987e-07 0.22406 0.251068
0.328447 0.111018 3.09905e-07 0.339391 6.01251e-07 0.221142 0.24758
0.326437 0.115066 3.60523e-07 0.340285 7.94277e-07 0.218211 0.244194
0.324487 0.119058 4.17808e-07 0.341187 1.04014e-06 0.215267 0.240906
0.322594 0.122997 4.82424e-07 0.342096 1.35079e-06 0.212311 0.237711
0.320759 0.126882 5.55074e-07 0.343012 1.74026e-06 0.209344 0.234604
0.318979 0.130715 6.36509e-07 0.343937 2.22493e-06 0.206367 0.231581
0.317253 0.134495 7.27521e-07 0.344868 2.82378e-06 0.20338 0.228638
0.315581 0.138225 8.28947e-07 0.345807 3.55869e-06 0.200383 0.225772
0.313961 0.141905 9.41671e-07 0.346753 4.45464e-06 0.197376 0.222979
0.312391 0.145535 1.06662e-06 0.347706 5.54001e-06 0.194362 0.220256
0.31087 0.149117 1.20478e-06 0.348666 6.84683e-06 0.191339 0.217601
0.309397 0.152652 1.35715e-06 0.349633 8.41103e-06 0.188308 0.215009
0.307971 0.15614 1.52482e-06 0.350607 1.02727e-05 0.18527 0.21248
0.30659 0.159583 1.70889e-06 0.351588 1.24761e-05 0.182225 0.210009
0.305254 0.16298 1.91053e-06 0.352575 1.50702e-05 0.179173 0.207595
0.303962 0.166333 2.13093e-06 0.353569 1.81083e-05 0.176116 0.205236
0.302712 0.169641 2.37135e-06 0.35457 2.16488e-05 0.173053 0.20293
0.301503 0.172907 2.63308e-06 0.355577 2.57545e-05 0.169985 0.200674
0.300336 0.176129 2.91745e-06 0.35659 3.04931e-05 0.166912 0.198466
0.299208 0.179309 3.22584e-06 0.357609 3.59368e-05 0.163835 0.196306
0.29812 0.182446 3.55967e-06 0.358633 4.21624e-05 0.160755 0.194191
0.29707 0.185542 3.92037e-06 0.359664 4.9251e-05 0.157671 0.192119
0.296058 0.188595 4.30945e-06 0.3607 5.72875e-05 0.154585 0.19009
0.295083 0.191607 4.72841e-06 0.361741 6.63606e-05 0.151498 0.188101
0.294145 0.194577 5.1788e-06 0.362787 7.6562e-05 0.148409 0.186151
0.383447 0.000155262 1.2889e-11 0.316741 2.21315e-16 0.299656 0.526778
0.384423 0.000274976 2.04828e-11 0.316904 8.2733e-16 0.298398 0.508329
0.385288 0.000467856 3.25902e-11 0.317119 2.86853e-15 0.297126 0.49128
0.386022 0.000765491 5.16179e-11 0.317382 9.26912e-15 0.29583 0.475475
0.386602 0.00120599 8.10508e-11 0.31769 2.80466e-14 0.294502 0.460782
0.386996 0.00183229 1.25814e-10 0.318041 7.98309e-14 0.29313 0.447084
0.387175 0.00268926 1.92708e-10 0.318432 2.1468e-13 0.291703 0.434283
0.387109 0.00381998 2.90908e-10 0.318862 5.47645e-13 0.290208 0.422289
0.386774 0.00526178 4.32537e-10 0.319329 1.3302e-12 0.288636 0.411029
0.386151 0.00704259 6.33295e-10 0.31983 3.08699e-12 0.286976 0.400435
0.385235 0.00917846 9.13154e-10 0.320364 6.86637e-12 0.285223 0.390449
0.384028 0.0116725 1.29712e-09 0.320928 1.46806e-11 0.283372 0.38102
0.382542 0.014515 1.81603e-09 0.32152 3.02507e-11 0.281423 0.372102
0.380799 0.0176857 2.50751e-09 0.322137 6.02215e-11 0.279379 0.363654
0.378825 0.0211554 3.41685e-09 0.322778 1.1608e-10 0.277242 0.355639
0.376652 0.0248896 4.59815e-09 0.32344 2.17094e-10 0.275018 0.348025
0.374313 0.0288506 6.11535e-09 0.324121 3.94673e-10 0.272715 0.340781
0.371841 0.0330001 8.04352e-09 0.324819 6.98698e-10 0.27034 0.333879
0.369267 0.037301 1.04701e-08 0.325533 1.20645e-09 0.267899 0.327296
0.366619 0.0417189 1.34961e-08 0.326262 2.03492e-09 0.2654 0.321008
0.363924 0.0462224 1.72379e-08 0.327004 3.35747e-09 0.262849 0.314994
0.361205 0.0507841 2.18281e-08 0.327759 5.42589e-09 0.260252 0.309236
0.35848 0.0553802 2.74177e-08 0.328524 8.599e-09 0.257615 0.303715
0.355766 0.0599906 3.4177e-08 0.329301 1.33792e-08 0.254943 0.298417
0.353075 0.0645985 4.22975e-08 0.330088 2.04587e-08 0.252238 0.293327
0.35042 0.0691901 5.19934e-08 0.330885 3.07759e-08 0.249505 0.288431
0.347808 0.0737545 6.35032e-08 0.331691 4.55854e-08 0.246746 0.283717
0.345247 0.0782829 7.70911e-08 0.332506 6.6541e-08 0.243964 0.279175
0.34274 0.0827684 9.30488e-08 0.33333 9.57951e-08 0.241161 0.274793
0.340292 0.087206 1.11697e-07 0.334163 1.36115e-07 0.238339 0.270562
0.337905 0.0915918 1.33386e-07 0.335004 1.91019e-07 0.235499 0.266473
0.33558 0.0959232 1.58499e-07 0.335853 2.64928e-07 0.232643 0.262519
0.33332 0.100198 1.87453e-07 0.33671 3.63346e-07 0.229771 0.258692
0.331123 0.104416 2.20697e-07 0.337576 4.9305e-07 0.226885 0.254985
0.32899 0.108576 2.58718e-07 0.338449 6.62315e-07 0.223985 0.251391
0.326919 0.112678 3.02042e-07 0.339329 8.81149e-07 0.221072 0.247906
0.324911 0.116723 3.51229e-07 0.340218 1.16155e-06 0.218147 0.244523
0.322964 0.12071 4.06882e-07 0.341114 1.51781e-06 0.21521 0.241237
0.321077 0.124642 4.69643e-07 0.342017 1.96675e-06 0.212262 0.238043
0.319248 0.128518 5.40197e-07 0.342928 2.52812e-06 0.209303 0.234938
0.317477 0.132339 6.19271e-07 0.343846 3.22483e-06 0.206334 0.231916
0.31576 0.136107 7.07633e-07 0.344772 4.08336e-06 0.203356 0.228975
0.314099 0.139823 8.06098e-07 0.345704 5.13403e-06 0.200368 0.22611
0.312489 0.143488 9.15525e-07 0.346644 6.41137e-06 0.197371 0.223318
0.310931 0.147102 1.03682e-06 0.347591 7.9544e-06 0.194366 0.220596
0.309424 0.150667 1.17092e-06 0.348545 9.80701e-06 0.191353 0.217941
0.307964 0.154184 1.31883e-06 0.349505 1.20181e-05 0.188333 0.215351
0.306552 0.157654 1.48159e-06 0.350473 1.46421e-05 0.185305 0.212821
0.305187 0.161077 1.66028e-06 0.351447 1.77388e-05 0.18227 0.210351
0.303866 0.164454 1.85603e-06 0.352428 2.13738e-05 0.179229 0.207938
0.302589 0.167786 2.07002e-06 0.353415 2.56185e-05 0.176182 0.205579
0.301355 0.171075 2.30347e-06 0.354409 3.05503e-05 0.173129 0.203272
0.300163 0.174319 2.55763e-06 0.355409 3.62524e-05 0.17007 0.201016
0.299012 0.17752 2.83382e-06 0.356415 4.28136e-05 0.167006 0.198809
0.297901 0.180679 3.13337e-06 0.357428 5.03285e-05 0.163938 0.196648
0.29683 0.183796 3.45766e-06 0.358446 5.88967e-05 0.160866 0.194532
0.295797 0.18687 3.80813e-06 0.35947 6.86228e-05 0.15779 0.19246
0.294803 0.189903 4.18622e-06 0.360499 7.96158e-05 0.154712 0.19043
0.293845 0.192894 4.59342e-06 0.361534 9.19885e-05 0.151631 0.18844
0.292924 0.195844 5.03125e-06 0.362573 0.000105857 0.148548 0.18649
0.383321 0.000159373 1.31327e-11 0.316705 3.44481e-16 0.299815 0.52696
0.384287 0.000283317 2.08309e-11 0.316869 1.28701e-15 0.298561 0.508517
0.385139 0.000483576 3.30846e-11 0.317084 4.45971e-15 0.297293 0.491473
0.385858 0.000793275 5.23094e-11 0.317349 1.44022e-14 0.296 0.475674
0.386416 0.00125235 8.19949e-11 0.317658 4.3553e-14 0.294673 0.460986
0.386783 0.00190565 1.2706e-10 0.318011 1.23898e-13 0.2933 0.447294
0.386926 0.00279987 1.94278e-10 0.318404 3.33002e-13 0.29187 0.434496
0.386815 0.00397946 2.92763e-10 0.318836 8.49027e-13 0.290369 0.422507
0.386425 0.00548244 4.3452e-10 0.319305 2.06115e-12 0.288788 0.411251
0.385738 0.00733656 6.35052e-10 0.319808 4.78082e-12 0.287117 0.400661
0.38475 0.00955682 9.14029e-10 0.320344 1.06283e-11 0.285349 0.39068
0.383463 0.0121444 1.29601e-09 0.320911 2.27112e-11 0.283482 0.381255
0.381893 0.0150874 1.81122e-09 0.321505 4.67708e-11 0.281515 0.372342
0.380063 0.0183627 2.49644e-09 0.322124 9.30497e-11 0.27945 0.363899
0.378002 0.0219386 3.39589e-09 0.322766 1.79234e-10 0.277293 0.35589
0.375744 0.0257779 4.56226e-09 0.323429 3.34951e-10 0.275049 0.348281
0.373322 0.0298409 6.05778e-09 0.324111 6.0843e-10 0.272726 0.341042
0.370771 0.0340877 7.9554e-09 0.32481 1.07614e-09 0.270332 0.334147
0.368123 0.0384799 1.034e-08 0.325524 1.85633e-09 0.267874 0.327569
0.365407 0.0429823 1.33095e-08 0.326252 3.1277e-09 0.265359 0.321287
0.36265 0.0475631 1.69768e-08 0.326993 5.15448e-09 0.262794 0.315278
0.359875 0.0521946 2.14702e-08 0.327746 8.31954e-09 0.260185 0.309525
0.3571 0.0568531 2.69359e-08 0.32851 1.31672e-08 0.257537 0.304011
0.354342 0.0615187 3.35386e-08 0.329284 2.04578e-08 0.254855 0.298718
0.351613 0.0661748 4.14635e-08 0.330069 3.12355e-08 0.252143 0.293632
0.348925 0.0708082 5.09178e-08 0.330862 4.69127e-08 0.249404 0.288741
0.346285 0.0754082 6.21317e-08 0.331665 6.93713e-08 0.246642 0.284032
0.343699 0.0799665 7.53608e-08 0.332477 1.01085e-07 0.243857 0.279494
0.341173 0.0844767 9.08866e-08 0.333297 1.45261e-07 0.241054 0.275116
0.338708 0.0889341 1.09019e-07 0.334125 2.06013e-07 0.238232 0.270889
0.336309 0.0933353 1.30096e-07 0.334962 2.88546e-07 0.235393 0.266804
0.333976 0.097678 1.54489e-07 0.335806 3.99385e-07 0.23254 0.262853
0.331708 0.101961 1.82599e-07 0.336659 5.46616e-07 0.229672 0.259029
0.329508 0.106183 2.14861e-07 0.337519 7.40164e-07 0.22679 0.255325
0.327373 0.110344 2.51747e-07 0.338386 9.92095e-07 0.223895 0.251734
0.325304 0.114444 2.93761e-07 0.339261 1.31695e-06 0.220989 0.248251
0.323298 0.118485 3.41449e-07 0.340144 1.73208e-06 0.218071 0.24487
0.321356 0.122466 3.95392e-07 0.341034 2.25807e-06 0.215142 0.241586
0.319474 0.126389 4.56212e-07 0.341932 2.91907e-06 0.212202 0.238395
0.317653 0.130254 5.24571e-07 0.342836 3.74325e-06 0.209252 0.235291
0.31589 0.134064 6.01172e-07 0.343748 4.76322e-06 0.206293 0.232271
0.314184 0.137818 6.86762e-07 0.344667 6.01643e-06 0.203324 0.229331
0.312532 0.141519 7.82128e-07 0.345593 7.54561e-06 0.200347 0.226467
0.310935 0.145168 8.88103e-07 0.346527 9.39915e-06 0.197361 0.223676
0.30939 0.148765 1.00556e-06 0.347467 1.16315e-05 0.194366 0.220955
0.307895 0.152312 1.13543e-06 0.348414 1.43036e-05 0.191364 0.218301
0.30645 0.15581 1.27867e-06 0.349367 1.74831e-05 0.188354 0.215711
0.305052 0.15926 1.43628e-06 0.350328 2.12446e-05 0.185337 0.213182
0.303701 0.162663 1.60934e-06 0.351295 2.56699e-05 0.182313 0.210712
0.302396 0.16602 1.79893e-06 0.352269 3.08482e-05 0.179283 0.208299
0.301135 0.169331 2.00619e-06 0.353249 3.6876e-05 0.176246 0.20594
0.299917 0.172598 2.23233e-06 0.354236 4.38573e-05 0.173203 0.203634
0.298741 0.175821 2.47855e-06 0.355229 5.19032e-05 0.170154 0.201377
0.297607 0.179001 2.74615e-06 0.356228 6.11317e-05 0.1671 0.199169
0.296513 0.182139 3.03642e-06 0.357233 7.16673e-05 0.16404 0.197008
0.295458 0.185234 3.35071e-06 0.358245 8.36406e-05 0.160976 0.194892
0.294442 0.188287 3.69042e-06 0.359261 9.71877e-05 0.157908 0.192819
0.293464 0.191299 4.05696e-06 0.360284 0.000112449 0.154836 0.190788
0.292524 0.19427 4.45179e-06 0.361312 0.000129569 0.151761 0.188798
0.29162 0.197199 4.87639e-06 0.362344 0.000148695 0.148683 0.186846
0.383194 0.000164476 1.33954e-11 0.316667 5.49123e-16 0.299974 0.527153
0.384149 0.000293449 2.12052e-11 0.316832 2.05011e-15 0.298725 0.508716
0.384988 0.000502383 3.36146e-11 0.317049 7.09893e-15 0.29746 0.491679
0.385689 0.000826138 5.30479e-11 0.317315 2.29093e-14 0.29617 0.475886
0.386223 0.00130668 8.29982e-11 0.317626 6.92319e-14 0.294844 0.461203
0.386559 0.00199099 1.28376e-10 0.31798 1.9682e-13 0.29347 0.447515
0.386662 0.00292768 1.95921e-10 0.318375 5.28664e-13 0.292035 0.434723
0.3865 0.00416261 2.94677e-10 0.31881 1.34708e-12 0.290527 0.422738
0.386049 0.00573438 4.36516e-10 0.319281 3.26834e-12 0.288936 0.411486
0.385292 0.00767035 6.36727e-10 0.319787 7.57645e-12 0.287251 0.400901
0.384224 0.00998414 9.14645e-10 0.320325 1.68333e-11 0.285467 0.390924
0.382851 0.0126747 1.29435e-09 0.320894 3.59485e-11 0.283581 0.381504
0.381189 0.0157274 1.8054e-09 0.32149 7.39834e-11 0.281593 0.372596
0.379266 0.0191161 2.48368e-09 0.322111 1.47086e-10 0.279507 0.364158
0.377111 0.022806 3.37226e-09 0.322755 2.83107e-10 0.277328 0.356155
0.374761 0.0267576 4.52236e-09 0.323419 5.28628e-10 0.275063 0.348552
0.372251 0.0309288 5.9944e-09 0.324101 9.59371e-10 0.272719 0.341319
0.369617 0.0352779 7.8591e-09 0.3248 1.69517e-09 0.270305 0.33443
0.366892 0.0397656 1.01986e-08 0.325514 2.92101e-09 0.267828 0.327858
0.364106 0.0443558 1.31079e-08 0.326241 4.91581e-09 0.265297 0.321582
0.361286 0.0490162 1.66958e-08 0.326981 8.09106e-09 0.262717 0.315579
0.358453 0.0537192 2.10866e-08 0.327732 1.30416e-08 0.260095 0.309832
0.355628 0.0584411 2.64212e-08 0.328494 2.06108e-08 0.257437 0.304323
0.352825 0.0631624 3.28586e-08 0.329266 3.19735e-08 0.254746 0.299036
0.350058 0.0678669 4.05776e-08 0.330047 4.87387e-08 0.252028 0.293956
0.347336 0.0725417 4.97778e-08 0.330838 7.30754e-08 0.249284 0.289069
0.344668 0.0771768 6.06813e-08 0.331637 1.07865e-07 0.246518 0.284365
0.342059 0.0817643 7.35343e-08 0.332445 1.56881e-07 0.243732 0.279831
0.339514 0.0862982 8.86082e-08 0.33326 2.25002e-07 0.240928 0.275457
0.337034 0.0907744 1.06201e-07 0.334084 3.18457e-07 0.238107 0.271234
0.334623 0.0951898 1.26641e-07 0.334916 4.45105e-07 0.235271 0.267153
0.332281 0.0995426 1.50282e-07 0.335755 6.14753e-07 0.232421 0.263206
0.330008 0.103832 1.77513e-07 0.336602 8.39511e-07 0.229557 0.259385
0.327805 0.108057 2.08753e-07 0.337456 1.13418e-06 0.226681 0.255684
0.325669 0.112218 2.44456e-07 0.338318 1.51667e-06 0.223793 0.252096
0.323601 0.116315 2.8511e-07 0.339188 2.00849e-06 0.220894 0.248615
0.321599 0.12035 3.31239e-07 0.340064 2.63519e-06 0.217984 0.245237
0.319661 0.124324 3.83405e-07 0.340948 3.42691e-06 0.215063 0.241955
0.317787 0.128237 4.42208e-07 0.341839 4.41888e-06 0.212133 0.238765
