0.392348 2.94834e-06 8.28376e-09 0.344268 6.50486e-11 0.26338 0.983669
0.394101 8.44605e-07 1.20651e-08 0.344565 5.21227e-11 0.261332 0.959188
0.395736 2.91094e-07 1.82115e-08 0.344809 4.54879e-11 0.259455 0.935933
0.397262 1.17609e-07 2.82074e-08 0.345001 4.25545e-11 0.257737 0.913819
0.398688 5.44246e-08 4.44808e-08 0.345146 4.21332e-11 0.256166 0.892767
0.40002 2.8275e-08 7.09737e-08 0.345246 4.36977e-11 0.254733 0.872706
0.401266 1.62135e-08 1.14034e-07 0.345305 4.70786e-11 0.253429 0.853567
0.40243 1.01154e-08 1.83795e-07 0.345324 5.23325e-11 0.252245 0.83529
0.403518 6.7836e-09 2.96287e-07 0.345307 5.96882e-11 0.251174 0.817817
0.404536 4.84014e-09 4.76606e-07 0.345256 6.95321e-11 0.250207 0.801096
0.405487 3.64264e-09 7.63635e-07 0.345173 8.24168e-11 0.249339 0.785079
0.406375 2.87042e-09 1.21696e-06 0.34506 9.90852e-11 0.248564 0.769723
0.407203 2.35359e-09 1.92685e-06 0.34492 1.20509e-10 0.247875 0.754987
0.407976 1.99737e-09 3.02851e-06 0.344753 1.47938e-10 0.247267 0.740833
0.408696 1.74642e-09 4.72203e-06 0.344564 1.82973e-10 0.246736 0.727227
0.409365 1.56714e-09 7.29998e-06 0.344352 2.2764e-10 0.246276 0.714137
0.409987 1.43838e-09 1.1185e-05 0.344119 2.84501e-10 0.245882 0.701533
0.410564 1.34645e-09 1.69799e-05 0.343868 3.56779e-10 0.245551 0.689389
0.411097 1.28227e-09 2.5534e-05 0.3436 4.48513e-10 0.245277 0.67768
0.411589 1.23964e-09 3.80284e-05 0.343316 5.64746e-10 0.245056 0.666381
0.412043 1.21432e-09 5.60842e-05 0.343018 7.11751e-10 0.244883 0.655471
0.412458 1.20333e-09 8.18974e-05 0.342707 8.97308e-10 0.244753 0.64493
0.412838 1.20459e-09 0.000118402 0.342384 1.13103e-09 0.24466 0.63474
0.413184 1.21663e-09 0.000169461 0.342051 1.42474e-09 0.244596 0.624881
0.413497 1.23847e-09 0.000240093 0.341708 1.79296e-09 0.244556 0.615338
0.413778 1.26943e-09 0.000336712 0.341357 2.25343e-09 0.244528 0.606095
0.414029 1.30912e-09 0.000467392 0.340999 2.82778e-09 0.244504 0.597138
0.414252 1.35732e-09 0.000642128 0.340635 3.54226e-09 0.244471 0.588454
0.414447 1.41399e-09 0.000873075 0.340265 4.42865e-09 0.244415 0.580029
0.414615 1.4792e-09 0.00117474 0.339892 5.52524e-09 0.244319 0.571851
0.414757 1.55317e-09 0.00156412 0.339515 6.87808e-09 0.244164 0.563909
0.414875 1.63615e-09 0.00206065 0.339135 8.54229e-09 0.243929 0.556194
0.414969 1.72852e-09 0.00268612 0.338754 1.05836e-08 0.243591 0.548694
0.41504 1.83069e-09 0.00346431 0.338372 1.30802e-08 0.243124 0.541401
0.415089 1.94315e-09 0.00442048 0.337989 1.61247e-08 0.242502 0.534307
0.415116 2.06641e-09 0.00558069 0.337606 1.9826e-08 0.241697 0.527403
0.415123 2.20103e-09 0.00697094 0.337224 2.43124e-08 0.240682 0.520682
0.41511 2.34759e-09 0.00861617 0.336844 2.97337e-08 0.23943 0.514138
0.415077 2.50669e-09 0.0105393 0.336465 3.62641e-08 0.237919 0.507765
0.415026 2.67891e-09 0.0127602 0.336088 4.41059e-08 0.236126 0.501556
0.414957 2.86485e-09 0.0152948 0.335714 5.34919e-08 0.234034 0.495507
0.414871 3.0651e-09 0.0181548 0.335342 6.46895e-08 0.231631 0.489613
0.414769 3.28019e-09 0.0213467 0.334975 7.80039e-08 0.228909 0.483869
0.414652 3.51064e-09 0.0248721 0.334611 9.37816e-08 0.225865 0.478271
0.41452 3.75693e-09 0.0287276 0.334252 1.12414e-07 0.2225 0.472815
0.414375 4.01947e-09 0.0329051 0.333898 1.3434e-07 0.218823 0.467496
0.414217 4.2986e-09 0.0373923 0.333549 1.60052e-07 0.214842 0.462311
0.414047 4.5946e-09 0.0421734 0.333206 1.90092e-07 0.210574 0.457256
0.413867 4.90767e-09 0.0472297 0.332869 2.25062e-07 0.206035 0.452327
0.413676 5.2379e-09 0.05254 0.332538 2.6562e-07 0.201245 0.447521
0.413477 5.58531e-09 0.0580812 0.332215 3.1248e-07 0.196227 0.442835
0.413269 5.9498e-09 0.0638294 0.331898 3.66415e-07 0.191003 0.438264
0.413052 6.33116e-09 0.0697593 0.331589 4.28256e-07 0.185599 0.433806
0.412828 6.72906e-09 0.0758458 0.331287 4.98883e-07 0.180038 0.429456
0.412597 7.14309e-09 0.0820631 0.330992 5.79228e-07 0.174347 0.425213
0.412359 7.57269e-09 0.0883858 0.330704 6.70267e-07 0.16855 0.421071
0.412115 8.01721e-09 0.0947889 0.330424 7.73013e-07 0.162672 0.41703
0.411863 8.4759e-09 0.101248 0.330149 8.88506e-07 0.156739 0.413085
0.411605 8.9479e-09 0.107738 0.329881 1.01781e-06 0.150774 0.409233
0.41134 9.43228e-09 0.114237 0.329619 1.162e-06 0.144803 0.405471
0.392287 2.73062e-06 8.67851e-09 0.344262 9.13386e-11 0.263448 0.983744
0.394037 7.85366e-07 1.26666e-08 0.344557 7.31588e-11 0.261406 0.959268
0.395668 2.71791e-07 1.91559e-08 0.344798 6.37776e-11 0.259534 0.936018
0.39719 1.10256e-07 2.97207e-08 0.344988 5.95651e-11 0.257822 0.913909
0.398612 5.1222e-08 4.6938e-08 0.345131 5.88455e-11 0.256257 0.892862
0.39994 2.67111e-08 7.49934e-08 0.34523 6.08674e-11 0.25483 0.872806
0.401182 1.53716e-08 1.20631e-07 0.345287 6.53745e-11 0.253531 0.853672
0.402342 9.62282e-09 1.94622e-07 0.345306 7.24196e-11 0.252352 0.8354
0.403427 6.47409e-09 3.14007e-07 0.345288 8.22875e-11 0.251285 0.817932
0.40444 4.63347e-09 5.05474e-07 0.345236 9.54707e-11 0.250323 0.801217
0.405387 3.49727e-09 8.10377e-07 0.345153 1.12677e-10 0.249459 0.785206
0.406271 2.7635e-09 1.29209e-06 0.34504 1.34855e-10 0.248687 0.769856
0.407096 2.2719e-09 2.04663e-06 0.3449 1.63245e-10 0.248002 0.755125
0.407865 1.93289e-09 3.21779e-06 0.344735 1.99434e-10 0.247397 0.740977
0.40858 1.6941e-09 5.01833e-06 0.344546 2.45439e-10 0.246869 0.727376
0.409246 1.52367e-09 7.75931e-06 0.344335 3.03807e-10 0.246411 0.714292
0.409864 1.40155e-09 1.18899e-05 0.344105 3.77735e-10 0.246019 0.701694
0.410436 1.31475e-09 1.80506e-05 0.343856 4.71224e-10 0.24569 0.689556
0.410965 1.2546e-09 2.71434e-05 0.34359 5.89257e-10 0.245417 0.677852
0.411453 1.21526e-09 4.04218e-05 0.343309 7.38019e-10 0.245197 0.666558
0.411902 1.19266e-09 5.96057e-05 0.343014 9.25163e-10 0.245024 0.655654
0.412314 1.18401e-09 8.70223e-05 0.342707 1.16012e-09 0.244892 0.645119
0.412689 1.18731e-09 0.000125778 0.342388 1.45447e-09 0.244797 0.634933
0.413031 1.20122e-09 0.000179962 0.342059 1.82241e-09 0.244731 0.62508
0.41334 1.22478e-09 0.000254873 0.34172 2.28122e-09 0.244685 0.615542
0.413617 1.25741e-09 0.00035728 0.341374 2.85195e-09 0.244652 0.606305
0.413864 1.29872e-09 0.000495686 0.341021 3.5601e-09 0.244619 0.597353
0.414082 1.34857e-09 0.000680593 0.340662 4.43645e-09 0.244575 0.588673
0.414273 1.40693e-09 0.000924746 0.340298 5.51808e-09 0.244504 0.580253
0.414437 1.47392e-09 0.00124332 0.339931 6.84946e-09 0.244389 0.57208
0.414575 1.54977e-09 0.001654 0.33956 8.48377e-09 0.244211 0.564143
0.414688 1.63478e-09 0.00217699 0.339186 1.04844e-08 0.243948 0.556432
0.414778 1.72935e-09 0.00283478 0.338811 1.29265e-08 0.243576 0.548937
0.414845 1.83391e-09 0.00365182 0.338435 1.58991e-08 0.243068 0.541648
0.41489 1.94897e-09 0.00465391 0.338059 1.95071e-08 0.242397 0.534558
0.414914 2.07508e-09 0.00586747 0.337683 2.38735e-08 0.241536 0.527659
0.414917 2.21281e-09 0.00731862 0.337307 2.91423e-08 0.240458 0.520942
0.4149 2.36277e-09 0.00903216 0.336933 3.5481e-08 0.239135 0.514403
0.414863 2.52556e-09 0.0110306 0.33656 4.30836e-08 0.237546 0.508035
0.414809 2.70181e-09 0.0133329 0.336189 5.21739e-08 0.235669 0.501831
0.414737 2.89212e-09 0.0159543 0.335821 6.30092e-08 0.233488 0.495787
0.414648 3.09708e-09 0.0189051 0.335455 7.58829e-08 0.230992 0.489899
0.414543 3.31724e-09 0.0221903 0.335093 9.11287e-08 0.228173 0.484161
0.414423 3.55314e-09 0.0258102 0.334735 1.09124e-07 0.225032 0.478569
0.41429 3.80524e-09 0.0297599 0.33438 1.30293e-07 0.22157 0.473118
0.414143 4.07395e-09 0.0340298 0.334031 1.5511e-07 0.217796 0.467806
0.413983 4.35963e-09 0.0386065 0.333687 1.84102e-07 0.213723 0.462628
0.413813 4.66255e-09 0.0434729 0.333348 2.17852e-07 0.209366 0.45758
0.413632 4.98287e-09 0.0486093 0.333016 2.56998e-07 0.204742 0.452658
0.413442 5.32071e-09 0.0539937 0.33269 3.02237e-07 0.199875 0.44786
0.413242 5.67603e-09 0.0596026 0.33237 3.54323e-07 0.194784 0.44318
0.413034 6.04873e-09 0.0654115 0.332058 4.14069e-07 0.189496 0.438617
0.412819 6.43856e-09 0.0713949 0.331753 4.82338e-07 0.184033 0.434166
0.412596 6.84518e-09 0.0775274 0.331454 5.60047e-07 0.178422 0.429823
0.412367 7.26813e-09 0.0837834 0.331163 6.48157e-07 0.172686 0.425587
0.41213 7.70682e-09 0.0901376 0.330879 7.4767e-07 0.166853 0.421453
0.411887 8.16056e-09 0.0965648 0.330601 8.59618e-07 0.160946 0.417418
0.411638 8.62856e-09 0.103041 0.33033 9.85058e-07 0.15499 0.41348
0.411382 9.10992e-09 0.109541 0.330065 1.12506e-06 0.14901 0.409635
0.411119 9.60366e-09 0.116044 0.329806 1.28068e-06 0.14303 0.40588
0.392225 2.53753e-06 9.16397e-09 0.344263 1.29312e-10 0.26351 0.983854
0.39397 7.3265e-07 1.34013e-08 0.344555 1.03505e-10 0.261474 0.959383
0.395597 2.54553e-07 2.03026e-08 0.344794 9.01127e-11 0.259609 0.936138
0.397115 1.03666e-07 3.15487e-08 0.344983 8.39999e-11 0.257902 0.914034
0.398533 4.83423e-08 4.98924e-08 0.345124 8.27837e-11 0.256342 0.892993
0.399857 2.53005e-08 7.98066e-08 0.345222 8.53811e-11 0.254921 0.872942
0.401095 1.461e-08 1.28501e-07 0.345278 9.1402e-11 0.253627 0.853814
0.402252 9.17598e-09 2.07492e-07 0.345296 1.00884e-10 0.252452 0.835548
0.403332 6.19266e-09 3.35003e-07 0.345277 1.14177e-10 0.25139 0.818086
0.404342 4.44515e-09 5.39576e-07 0.345225 1.31911e-10 0.250432 0.801376
0.405285 3.36454e-09 8.65434e-07 0.345142 1.54991e-10 0.249572 0.785371
0.406165 2.66571e-09 1.38034e-06 0.34503 1.84636e-10 0.248804 0.770026
0.406986 2.19707e-09 2.18695e-06 0.34489 2.22427e-10 0.248122 0.755301
0.40775 1.87376e-09 3.43894e-06 0.344726 2.70383e-10 0.24752 0.741158
0.408462 1.64607e-09 5.36364e-06 0.344539 3.31059e-10 0.246994 0.727563
0.409123 1.48374e-09 8.29326e-06 0.34433 4.07658e-10 0.246539 0.714485
0.409737 1.36772e-09 1.27073e-05 0.344101 5.04182e-10 0.246149 0.701893
0.410305 1.28561e-09 1.92891e-05 0.343855 6.25606e-10 0.245821 0.68976
0.41083 1.22919e-09 2.90004e-05 0.343592 7.78093e-10 0.245549 0.678062
0.411314 1.19288e-09 4.31766e-05 0.343314 9.69246e-10 0.245329 0.666774
0.411758 1.17282e-09 6.36486e-05 0.343022 1.20842e-09 0.245156 0.655875
0.412166 1.16634e-09 9.28912e-05 0.342718 1.50706e-09 0.245023 0.645345
0.412537 1.17158e-09 0.000134204 0.342403 1.87917e-09 0.244925 0.635165
0.412874 1.18724e-09 0.000191925 0.342079 2.34178e-09 0.244855 0.625317
0.413178 1.21245e-09 0.000271666 0.341745 2.91555e-09 0.244805 0.615784
0.413451 1.24666e-09 0.000380584 0.341404 3.62547e-09 0.244764 0.606552
0.413694 1.28955e-09 0.000527649 0.341056 4.50164e-09 0.244722 0.597605
0.413908 1.341e-09 0.000723917 0.340703 5.58026e-09 0.244665 0.58893
0.414094 1.40102e-09 0.000982763 0.340345 6.90464e-09 0.244578 0.580514
0.414254 1.46975e-09 0.00132006 0.339983 8.52652e-09 0.244443 0.572346
0.414388 1.54746e-09 0.00175425 0.339618 1.05074e-08 0.24424 0.564414
0.414498 1.63448e-09 0.00230627 0.339251 1.29203e-08 0.243946 0.556707
0.414583 1.73121e-09 0.00299937 0.338882 1.58514e-08 0.243535 0.549216
0.414646 1.83814e-09 0.00385861 0.338512 1.94023e-08 0.242983 0.541932
0.414687 1.95578e-09 0.0049103 0.338142 2.36919e-08 0.24226 0.534846
0.414706 2.08471e-09 0.00618111 0.337772 2.88594e-08 0.24134 0.527951
0.414706 2.22553e-09 0.0076972 0.337403 3.50666e-08 0.240194 0.521239
0.414685 2.37884e-09 0.00948306 0.337035 4.25013e-08 0.238797 0.514704
0.414645 2.54529e-09 0.0115606 0.336668 5.13797e-08 0.237126 0.508341
0.414587 2.72551e-09 0.0139479 0.336303 6.19504e-08 0.235162 0.502142
0.414512 2.9201e-09 0.0166591 0.33594 7.44975e-08 0.232889 0.496104
0.41442 3.12968e-09 0.0197028 0.33558 8.9344e-08 0.230297 0.490221
0.414313 3.3548e-09 0.023083 0.335223 1.06856e-07 0.227381 0.484489
0.414191 3.59599e-09 0.0267981 0.33487 1.27444e-07 0.224141 0.478903
0.414055 3.85373e-09 0.0308416 0.334521 1.51569e-07 0.220583 0.473459
0.413906 4.12843e-09 0.0352028 0.334176 1.79744e-07 0.216715 0.468153
0.413746 4.42043e-09 0.0398667 0.333836 2.12536e-07 0.212551 0.462982
0.413575 4.72999e-09 0.0448153 0.333502 2.50568e-07 0.208108 0.45794
0.413394 5.05727e-09 0.050028 0.333173 2.94523e-07 0.203405 0.453026
0.413203 5.40236e-09 0.0554819 0.332851 3.45139e-07 0.198464 0.448235
0.413004 5.76521e-09 0.0611532 0.332536 4.03213e-07 0.193307 0.443562
0.412797 6.14569e-09 0.0670169 0.332227 4.69597e-07 0.187959 0.439006
0.412582 6.54354e-09 0.0730475 0.331925 5.45195e-07 0.182445 0.434562
0.412361 6.95837e-09 0.0792195 0.33163 6.30959e-07 0.176789 0.430227
0.412133 7.38969e-09 0.0855073 0.331342 7.27883e-07 0.171018 0.425998
0.411898 7.83689e-09 0.0918856 0.33106 8.36994e-07 0.165155 0.421871
0.411657 8.29923e-09 0.0983298 0.330786 9.59348e-07 0.159226 0.417843
0.41141 8.77589e-09 0.104816 0.330517 1.09601e-06 0.153256 0.413911
0.411156 9.26593e-09 0.11132 0.330255 1.24806e-06 0.147268 0.410073
0.410896 9.76834e-09 0.117819 0.329999 1.41657e-06 0.141285 0.406325
0.39216 2.36612e-06 9.75526e-09 0.344269 1.84575e-10 0.263568 0.983998
0.393901 6.857e-07 1.42918e-08 0.34456 1.47601e-10 0.261538 0.959533
0.395524 2.39148e-07 2.16864e-08 0.344798 1.28301e-10 0.259678 0.936294
0.397038 9.7758e-08 3.37462e-08 0.344985 1.19341e-10 0.257977 0.914196
0.398452 4.57524e-08 5.34312e-08 0.345125 1.17302e-10 0.256423 0.89316
0.399772 2.40282e-08 8.55533e-08 0.345222 1.20608e-10 0.255006 0.873115
0.401006 1.39212e-08 1.37869e-07 0.345277 1.28663e-10 0.253717 0.853993
0.402159 8.77086e-09 2.22769e-07 0.345294 1.41466e-10 0.252547 0.835733
0.403235 5.93693e-09 3.5986e-07 0.345275 1.59447e-10 0.251489 0.818276
0.404241 4.27368e-09 5.79843e-07 0.345223 1.83403e-10 0.250535 0.801573
0.40518 3.24348e-09 9.30283e-07 0.34514 2.14499e-10 0.249679 0.785573
0.406055 2.57639e-09 1.48404e-06 0.345029 2.54297e-10 0.248914 0.770234
0.406872 2.12864e-09 2.35143e-06 0.34489 3.04822e-10 0.248235 0.755515
0.407632 1.81963e-09 3.69757e-06 0.344727 3.6865e-10 0.247637 0.741378
0.40834 1.60207e-09 5.76653e-06 0.344541 4.49017e-10 0.247113 0.727789
0.408997 1.44716e-09 8.91482e-06 0.344335 5.49965e-10 0.24666 0.714716
0.409606 1.33671e-09 1.36566e-05 0.344108 6.76512e-10 0.246272 0.70213
0.41017 1.25893e-09 2.07241e-05 0.343865 8.34859e-10 0.245945 0.690003
0.410691 1.20594e-09 3.11469e-05 0.343605 1.03264e-09 0.245674 0.67831
0.41117 1.17244e-09 4.63535e-05 0.34333 1.27923e-09 0.245454 0.667028
0.41161 1.15474e-09 6.82996e-05 0.343042 1.58606e-09 0.245279 0.656134
0.412013 1.15029e-09 9.96263e-05 0.342742 1.96709e-09 0.245145 0.64561
0.41238 1.15734e-09 0.00014385 0.342431 2.43924e-09 0.245045 0.635435
0.412713 1.17466e-09 0.000205583 0.342111 3.023e-09 0.244971 0.625592
0.413013 1.20145e-09 0.000290787 0.341782 3.74309e-09 0.244914 0.616064
0.413282 1.23719e-09 0.000407045 0.341446 4.62924e-09 0.244865 0.606837
0.41352 1.28161e-09 0.000563838 0.341104 5.71707e-09 0.244812 0.597895
0.41373 1.33461e-09 0.00077282 0.340756 7.04917e-09 0.244742 0.589225
0.413912 1.39626e-09 0.00104805 0.340404 8.67627e-09 0.244637 0.580813
0.414067 1.46671e-09 0.00140612 0.340048 1.06586e-08 0.244479 0.572649
0.414197 1.54626e-09 0.00186628 0.339689 1.30676e-08 0.244248 0.564721
0.414302 1.63525e-09 0.00245023 0.339328 1.59873e-08 0.24392 0.557019
0.414384 1.73414e-09 0.00318193 0.338966 1.95167e-08 0.243469 0.549532
0.414442 1.84341e-09 0.00408706 0.338603 2.37718e-08 0.242868 0.542252
0.414479 1.96362e-09 0.00519233 0.338239 2.88881e-08 0.24209 0.53517
0.414495 2.09534e-09 0.00652462 0.337875 3.5023e-08 0.241105 0.52828
0.41449 2.23921e-09 0.00810994 0.337512 4.2359e-08 0.239888 0.521572
0.414465 2.39584e-09 0.00997236 0.33715 5.11066e-08 0.238412 0.515042
0.414422 2.56589e-09 0.012133 0.336789 6.15074e-08 0.236656 0.508683
0.414361 2.75e-09 0.0146089 0.33643 7.38379e-08 0.234601 0.50249
0.414283 2.94879e-09 0.0174127 0.336072 8.84124e-08 0.232233 0.496457
0.414188 3.16288e-09 0.0205518 0.335717 1.05587e-07 0.229543 0.49058
0.414078 3.39282e-09 0.0240282 0.335365 1.25763e-07 0.226529 0.484853
0.413954 3.63915e-09 0.0278388 0.335016 1.4939e-07 0.223191 0.479273
0.413816 3.90234e-09 0.0319758 0.334672 1.76969e-07 0.219536 0.473836
0.413666 4.1828e-09 0.0364266 0.334331 2.09054e-07 0.215576 0.468537
0.413505 4.48085e-09 0.0411753 0.333995 2.46258e-07 0.211324 0.463372
0.413333 4.79675e-09 0.0462027 0.333665 2.89249e-07 0.206799 0.458338
0.413151 5.13065e-09 0.0514873 0.33334 3.38755e-07 0.202021 0.453431
0.412961 5.48261e-09 0.0570059 0.333022 3.95561e-07 0.197011 0.448646
0.412762 5.85257e-09 0.062734 0.332709 4.60509e-07 0.191794 0.443982
0.412556 6.24036e-09 0.0686464 0.332404 5.34496e-07 0.186393 0.439432
0.412343 6.64571e-09 0.0747177 0.332105 6.18467e-07 0.180834 0.434995
0.412123 7.0682e-09 0.0809222 0.331813 7.13412e-07 0.175141 0.430667
0.411896 7.5073e-09 0.0872347 0.331528 8.2036e-07 0.169341 0.426445
0.411664 7.96238e-09 0.0936301 0.331249 9.40367e-07 0.163456 0.422325
0.411425 8.43266e-09 0.100084 0.330977 1.07451e-06 0.157513 0.418304
0.411179 8.91728e-09 0.106573 0.330711 1.22387e-06 0.151535 0.414379
0.410928 9.41527e-09 0.113073 0.330452 1.38952e-06 0.145546 0.410547
0.41067 9.92559e-09 0.119563 0.330197 1.57255e-06 0.139569 0.406805
0.392093 2.21383e-06 1.04716e-08 0.344283 2.65606e-10 0.263622 0.984176
0.39383 6.43861e-07 1.53667e-08 0.344572 2.12146e-10 0.261597 0.959718
0.395449 2.25377e-07 2.33513e-08 0.344808 1.84071e-10 0.259743 0.936485
0.396959 9.24601e-08 3.63819e-08 0.344995 1.7081e-10 0.258047 0.914393
0.398368 4.34233e-08 5.76642e-08 0.345134 1.67409e-10 0.256497 0.893364
0.399685 2.28809e-08 9.24092e-08 0.34523 1.71559e-10 0.255085 0.873325
0.400914 1.32985e-08 1.49017e-07 0.345284 1.82343e-10 0.253801 0.854209
0.402063 8.40383e-09 2.40906e-07 0.345301 1.99683e-10 0.252636 0.835955
0.403135 5.70481e-09 3.89301e-07 0.345282 2.24094e-10 0.251582 0.818505
0.404137 4.11777e-09 6.27432e-07 0.345231 2.56589e-10 0.250632 0.801807
0.405071 3.13324e-09 1.00675e-06 0.345148 2.9866e-10 0.24978 0.785814
0.405943 2.49496e-09 1.60605e-06 0.345037 3.52317e-10 0.249018 0.770481
0.406755 2.0662e-09 2.54455e-06 0.3449 4.20157e-10 0.248342 0.755768
0.407511 1.7702e-09 4.00056e-06 0.344739 5.05467e-10 0.247746 0.741636
0.408214 1.56189e-09 6.23752e-06 0.344555 6.12362e-10 0.247225 0.728053
0.408867 1.41375e-09 9.63984e-06 0.34435 7.45948e-10 0.246774 0.714986
0.409472 1.30841e-09 1.47615e-05 0.344126 9.12528e-10 0.246387 0.702405
0.410031 1.23459e-09 2.23906e-05 0.343885 1.11985e-09 0.246061 0.690284
0.410548 1.18478e-09 3.36341e-05 0.343628 1.37739e-09 0.24579 0.678597
0.411023 1.15387e-09 5.0026e-05 0.343357 1.6967e-09 0.24557 0.66732
0.411459 1.13836e-09 7.36637e-05 0.343073 2.09182e-09 0.245395 0.656432
0.411857 1.13582e-09 0.000107375 0.342777 2.57975e-09 0.245258 0.645913
0.41222 1.14458e-09 0.000154919 0.342471 3.18101e-09 0.245155 0.635743
0.412548 1.16348e-09 0.000221216 0.342155 3.92029e-09 0.245076 0.625905
0.412844 1.19178e-09 0.000312615 0.341831 4.82721e-09 0.245012 0.616382
0.413108 1.22899e-09 0.000437167 0.341501 5.93717e-09 0.244954 0.60716
0.413342 1.2749e-09 0.000604913 0.341164 7.29241e-09 0.24489 0.598222
0.413547 1.32942e-09 0.000828154 0.340822 8.94312e-09 0.244803 0.589557
0.413725 1.39266e-09 0.00112167 0.340475 1.09488e-08 0.244678 0.58115
0.413876 1.46481e-09 0.00150286 0.340126 1.33798e-08 0.244496 0.57299
0.414001 1.54617e-09 0.00199174 0.339773 1.63188e-08 0.244234 0.565066
0.414102 1.63714e-09 0.00261084 0.339419 1.98632e-08 0.243868 0.557368
0.414179 1.73816e-09 0.0033848 0.339063 2.41268e-08 0.243373 0.549885
0.414234 1.84976e-09 0.00433986 0.338706 2.92423e-08 0.24272 0.542609
0.414267 1.97251e-09 0.00550307 0.338349 3.5364e-08 0.241882 0.535532
0.414278 2.107e-09 0.00690136 0.337991 4.26705e-08 0.240829 0.528645
0.414269 2.25388e-09 0.00856049 0.337634 5.13678e-08 0.239536 0.521942
0.414241 2.41378e-09 0.0105039 0.337278 6.16924e-08 0.237977 0.515417
0.414195 2.58737e-09 0.0127517 0.336922 7.39148e-08 0.236131 0.509063
0.41413 2.77529e-09 0.0153198 0.336568 8.83427e-08 0.233982 0.502875
0.414049 2.97818e-09 0.0182192 0.336216 1.05325e-07 0.231516 0.496847
0.413951 3.19665e-09 0.0214556 0.335866 1.25255e-07 0.228727 0.490975
0.413839 3.43126e-09 0.0250294 0.335518 1.48573e-07 0.225613 0.485255
0.413713 3.68255e-09 0.0289358 0.335174 1.75771e-07 0.222178 0.479681
0.413573 3.95097e-09 0.0331652 0.334833 2.07394e-07 0.218428 0.474251
0.413422 4.23693e-09 0.0377038 0.334497 2.44046e-07 0.214377 0.468958
0.41326 4.54074e-09 0.0425344 0.334165 2.86385e-07 0.210041 0.4638
0.413087 4.86265e-09 0.0476369 0.333838 3.3513e-07 0.205438 0.458773
0.412905 5.20279e-09 0.0529889 0.333516 3.91059e-07 0.200589 0.453873
0.412715 5.56119e-09 0.0585668 0.333201 4.55008e-07 0.195516 0.449096
0.412517 5.93779e-09 0.0643458 0.332892 5.27867e-07 0.190245 0.444438
0.412312 6.33239e-09 0.0703006 0.332589 6.10581e-07 0.184798 0.439896
0.4121 6.74468e-09 0.0764058 0.332293 7.0414e-07 0.179201 0.435466
0.411881 7.17422e-09 0.082636 0.332004 8.09574e-07 0.173478 0.431145
0.411657 7.62047e-09 0.088966 0.331721 9.27947e-07 0.167655 0.426929
0.411426 8.08273e-09 0.0953713 0.331445 1.06034e-06 0.161757 0.422816
0.411189 8.56023e-09 0.101828 0.331175 1.20786e-06 0.155807 0.418801
0.410946 9.05205e-09 0.108312 0.330912 1.3716e-06 0.149829 0.414883
0.410697 9.55722e-09 0.114802 0.330654 1.55265e-06 0.143846 0.411057
0.410441 1.00746e-08 0.121275 0.330402 1.75206e-06 0.137881 0.407321
0.392024 2.07846e-06 1.13373e-08 0.344303 3.8531e-10 0.263671 0.984389
0.393756 6.06567e-07 1.66622e-08 0.344591 3.07313e-10 0.261652 0.959938
0.395371 2.13066e-07 2.53528e-08 0.344826 2.66095e-10 0.259802 0.936712
0.396877 8.77104e-08 3.95429e-08 0.345012 2.46281e-10 0.258111 0.914627
0.398283 4.13296e-08 6.27292e-08 0.34515 2.40632e-10 0.256567 0.893605
0.399595 2.1847e-08 1.00595e-07 0.345246 2.45731e-10 0.25516 0.873573
0.40082 1.27362e-08 1.62299e-07 0.3453 2.60165e-10 0.25388 0.854463
0.401964 8.07173e-09 2.6247e-07 0.345317 2.83709e-10 0.252719 0.836215
0.403032 5.49441e-09 4.24235e-07 0.345298 3.16966e-10 0.251669 0.818771
0.40403 3.97624e-09 6.83784e-07 0.345247 3.61213e-10 0.250723 0.80208
0.40496 3.03306e-09 1.09712e-06 0.345165 4.18366e-10 0.249874 0.786093
0.405827 2.42089e-09 1.74995e-06 0.345056 4.91008e-10 0.249116 0.770766
0.406635 2.00937e-09 2.77185e-06 0.34492 5.82472e-10 0.248442 0.756058
0.407387 1.72521e-09 4.35646e-06 0.34476 6.96966e-10 0.247849 0.741933
0.408085 1.52532e-09 6.78959e-06 0.344578 8.39724e-10 0.24733 0.728356
0.408734 1.38336e-09 1.04879e-05 0.344376 1.01721e-09 0.24688 0.715294
0.409334 1.2827e-09 1.60511e-05 0.344155 1.23736e-09 0.246495 0.702719
0.409889 1.21252e-09 2.43315e-05 0.343917 1.50986e-09 0.24617 0.690604
0.410401 1.16562e-09 3.65244e-05 0.343663 1.84649e-09 0.245899 0.678922
0.410872 1.13711e-09 5.42838e-05 0.343396 2.26153e-09 0.245678 0.667651
0.411303 1.12365e-09 7.98679e-05 0.343116 2.77222e-09 0.245501 0.656768
0.411697 1.1229e-09 0.000116315 0.342824 3.39933e-09 0.245363 0.646254
0.412055 1.13327e-09 0.000167658 0.342522 4.16775e-09 0.245255 0.636089
0.412379 1.15368e-09 0.000239162 0.342212 5.10727e-09 0.24517 0.626256
0.41267 1.18342e-09 0.000337602 0.341893 6.25344e-09 0.245099 0.616739
0.41293 1.22206e-09 0.000471548 0.341568 7.64851e-09 0.245031 0.607521
0.413159 1.26941e-09 0.000651654 0.341236 9.3426e-09 0.244953 0.598588
0.41336 1.32544e-09 0.000890922 0.3409 1.1395e-08 0.244849 0.589926
0.413533 1.39024e-09 0.00120491 0.34056 1.38755e-08 0.244702 0.581524
0.41368 1.46407e-09 0.00161183 0.340217 1.68663e-08 0.244492 0.573368
0.413801 1.54724e-09 0.00213256 0.339871 2.04638e-08 0.244196 0.565449
0.413898 1.64015e-09 0.00279039 0.339522 2.47804e-08 0.24379 0.557754
0.413971 1.7433e-09 0.00361065 0.339173 2.99474e-08 0.243246 0.550275
0.414021 1.85721e-09 0.00462006 0.338822 3.61167e-08 0.242537 0.543003
0.414049 1.98247e-09 0.00584593 0.338471 4.34646e-08 0.241633 0.53593
0.414057 2.1197e-09 0.0073151 0.33812 5.21939e-08 0.240508 0.529048
0.414045 2.26955e-09 0.00905288 0.337768 6.25375e-08 0.239134 0.522349
0.414013 2.43267e-09 0.0110819 0.337418 7.47617e-08 0.237488 0.515828
0.413962 2.60973e-09 0.0134211 0.337068 8.91695e-08 0.235549 0.509479
0.413895 2.80138e-09 0.016085 0.336719 1.06104e-07 0.233302 0.503296
0.41381 3.00825e-09 0.0190828 0.336371 1.25954e-07 0.230736 0.497274
0.41371 3.23096e-09 0.0224185 0.336026 1.49152e-07 0.227846 0.491408
0.413595 3.47007e-09 0.0260906 0.335682 1.76184e-07 0.224632 0.485694
0.413467 3.7261e-09 0.0300925 0.335342 2.0759e-07 0.221098 0.480127
0.413326 3.99951e-09 0.0344131 0.335005 2.43964e-07 0.217255 0.474703
0.413174 4.29069e-09 0.0390372 0.334672 2.85961e-07 0.213117 0.469417
0.413011 4.59994e-09 0.0439465 0.334343 3.34292e-07 0.208699 0.464266
0.412838 4.92749e-09 0.0491198 0.33402 3.89732e-07 0.204022 0.459246
0.412656 5.27345e-09 0.0545343 0.333701 4.53112e-07 0.199108 0.454353
0.412466 5.63784e-09 0.0601659 0.333389 5.25323e-07 0.193979 0.449583
0.412269 6.02056e-09 0.0659897 0.333082 6.0731e-07 0.188658 0.444932
0.412065 6.42141e-09 0.0719804 0.332782 7.00065e-07 0.183172 0.440397
0.411854 6.84003e-09 0.0781126 0.332488 8.04627e-07 0.177544 0.435974
0.411637 7.27598e-09 0.0843613 0.332201 9.22069e-07 0.171799 0.43166
0.411414 7.72866e-09 0.0907017 0.331921 1.05349e-06 0.165962 0.427451
0.411185 8.19739e-09 0.0971096 0.331647 1.20001e-06 0.160057 0.423344
0.410951 8.68133e-09 0.103562 0.331379 1.36275e-06 0.154107 0.419336
0.41071 9.17956e-09 0.110034 0.331117 1.54281e-06 0.148137 0.415423
0.410463 9.69107e-09 0.116506 0.330861 1.74129e-06 0.142167 0.411603
0.41021 1.02148e-08 0.122956 0.330611 1.95923e-06 0.136221 0.407873
0.391953 1.95814e-06 1.23834e-08 0.344329 5.63475e-10 0.263716 0.984637
0.393681 5.73328e-07 1.82245e-08 0.344617 4.48652e-10 0.261702 0.960193
0.395291 2.02064e-07 2.77614e-08 0.344851 3.87584e-10 0.259857 0.936975
0.396793 8.34545e-08 4.33394e-08 0.345036 3.57707e-10 0.258171 0.914897
0.398194 3.94491e-08 6.88008e-08 0.345175 3.48348e-10 0.256631 0.893882
0.399502 2.09164e-08 1.10389e-07 0.34527 3.5441e-10 0.255228 0.873857
0.400723 1.22291e-08 1.78162e-07 0.345324 3.73699e-10 0.253953 0.854755
0.401863 7.77172e-09 2.88176e-07 0.345341 4.05731e-10 0.252796 0.836513
0.402927 5.30407e-09 4.65801e-07 0.345323 4.51183e-10 0.25175 0.819076
0.403919 3.84808e-09 7.50708e-07 0.345273 5.11653e-10 0.250807 0.802391
0.404845 2.94227e-09 1.20424e-06 0.345192 5.89594e-10 0.249961 0.78641
0.405708 2.35373e-09 1.92019e-06 0.345084 6.88328e-10 0.249206 0.771089
0.406512 1.95783e-09 3.04023e-06 0.34495 8.12139e-10 0.248536 0.756388
0.407259 1.68442e-09 4.77584e-06 0.344792 9.66412e-10 0.247945 0.742269
0.407953 1.49218e-09 7.43882e-06 0.344612 1.15782e-09 0.247428 0.728697
0.408597 1.35585e-09 1.14831e-05 0.344412 1.39456e-09 0.24698 0.715642
0.409193 1.25947e-09 1.75614e-05 0.344194 1.68663e-09 0.246596 0.703073
0.409743 1.19262e-09 2.65995e-05 0.343959 2.04615e-09 0.246271 0.690962
0.410251 1.14841e-09 3.98941e-05 0.343709 2.48781e-09 0.246 0.679286
0.410717 1.12213e-09 5.92367e-05 0.343446 3.02927e-09 0.245778 0.66802
0.411144 1.11056e-09 8.70676e-05 0.34317 3.69174e-09 0.2456 0.657143
0.411533 1.11149e-09 0.000126665 0.342883 4.50059e-09 0.245458 0.646634
0.411886 1.1234e-09 0.000182366 0.342586 5.48609e-09 0.245345 0.636474
0.412206 1.14524e-09 0.000259826 0.34228 6.68423e-09 0.245254 0.626646
0.412492 1.17637e-09 0.000366292 0.341967 8.13772e-09 0.245175 0.617133
0.412747 1.21641e-09 0.000510908 0.341647 9.89703e-09 0.245095 0.60792
0.412972 1.26517e-09 0.000704997 0.341322 1.20217e-08 0.245001 0.598991
0.413169 1.32266e-09 0.000962317 0.340992 1.45819e-08 0.244877 0.590334
0.413337 1.38903e-09 0.00129925 0.340658 1.76597e-08 0.244706 0.581936
0.413479 1.46451e-09 0.00173489 0.340321 2.13513e-08 0.244465 0.573784
0.413596 1.54947e-09 0.00229095 0.339981 2.57689e-08 0.244132 0.565868
0.413688 1.64433e-09 0.00299151 0.339639 3.10428e-08 0.243681 0.558178
0.413757 1.74958e-09 0.00386254 0.339296 3.73244e-08 0.243085 0.550703
0.413803 1.86579e-09 0.00493117 0.338951 4.47884e-08 0.242314 0.543435
0.413828 1.99354e-09 0.00622481 0.338606 5.36359e-08 0.241341 0.536366
0.413831 2.13348e-09 0.00777006 0.338261 6.40979e-08 0.240138 0.529487
0.413815 2.28625e-09 0.00959159 0.337915 7.6438e-08 0.238678 0.522793
0.413779 2.45252e-09 0.011711 0.33757 9.09565e-08 0.23694 0.516277
0.413726 2.63297e-09 0.0141459 0.337225 1.07994e-07 0.234904 0.509933
0.413655 2.82823e-09 0.0169091 0.33688 1.27933e-07 0.232556 0.503755
0.413567 3.03896e-09 0.020008 0.336537 1.51205e-07 0.229887 0.497739
0.413465 3.26575e-09 0.0234446 0.336196 1.78292e-07 0.226895 0.491879
0.413348 3.50917e-09 0.0272155 0.335857 2.09728e-07 0.22358 0.486171
0.413218 3.76972e-09 0.0313125 0.33552 2.46105e-07 0.21995 0.48061
0.413075 4.04785e-09 0.0357227 0.335186 2.88072e-07 0.216016 0.475193
0.412922 4.34393e-09 0.0404296 0.334856 3.36342e-07 0.211792 0.469914
0.412758 4.65826e-09 0.0454138 0.334531 3.91684e-07 0.207297 0.46477
0.412585 4.99103e-09 0.0506534 0.33421 4.54932e-07 0.202551 0.459757
0.412403 5.34236e-09 0.0561252 0.333894 5.26978e-07 0.197577 0.454871
0.412214 5.71223e-09 0.0618047 0.333584 6.0877e-07 0.192397 0.450108
0.412018 6.10053e-09 0.0676669 0.33328 7.01309e-07 0.187035 0.445464
0.411814 6.50701e-09 0.0736866 0.332982 8.05645e-07 0.181516 0.440936
0.411605 6.93132e-09 0.0798389 0.33269 9.22863e-07 0.175865 0.43652
0.41139 7.37297e-09 0.0860988 0.332405 1.05408e-06 0.170105 0.432213
0.411169 7.83136e-09 0.0924423 0.332127 1.20044e-06 0.164261 0.42801
0.410942 8.30576e-09 0.0988456 0.331854 1.36309e-06 0.158357 0.42391
0.41071 8.79532e-09 0.105286 0.331588 1.54317e-06 0.152415 0.419908
0.410471 9.29912e-09 0.11174 0.331328 1.74179e-06 0.146458 0.416001
0.410227 9.8161e-09 0.118188 0.331074 1.96006e-06 0.140509 0.412187
0.409976 1.03452e-08 0.124608 0.330825 2.199e-06 0.134589 0.408462
0.391879 1.85121e-06 1.36497e-08 0.344362 8.30635e-10 0.263757 0.98492
0.393603 5.43717e-07 2.01122e-08 0.34465 6.6009e-10 0.261747 0.960485
0.395209 1.92238e-07 3.06671e-08 0.344884 5.68798e-10 0.259907 0.937274
0.396706 7.96451e-08 4.79119e-08 0.345068 5.23348e-10 0.258225 0.915205
0.398103 3.77623e-08 7.61012e-08 0.345207 5.07865e-10 0.25669 0.894197
0.399407 2.00801e-08 1.22145e-07 0.345302 5.14681e-10 0.255292 0.874179
0.400623 1.17726e-08 1.97171e-07 0.345357 5.4038e-10 0.25402 0.855084
0.401759 7.50131e-09 3.18927e-07 0.345374 5.84021e-10 0.252867 0.836849
0.402818 5.13234e-09 5.15436e-07 0.345357 6.46311e-10 0.251825 0.819419
0.403806 3.73236e-09 8.30481e-07 0.345307 7.29232e-10 0.250885 0.80274
0.404728 2.86025e-09 1.3317e-06 0.345228 8.35911e-10 0.250043 0.786766
0.405586 2.29305e-09 2.12236e-06 0.345121 9.70618e-10 0.249291 0.771452
0.406385 1.91129e-09 3.35834e-06 0.344989 1.13886e-09 0.248623 0.756757
0.407128 1.64761e-09 5.27196e-06 0.344833 1.34754e-09 0.248034 0.742644
0.407817 1.46232e-09 8.20529e-06 0.344656 1.60516e-09 0.247519 0.729078
0.408456 1.33111e-09 1.26557e-05 0.344459 1.92214e-09 0.247072 0.716028
0.409048 1.23862e-09 1.93368e-05 0.344244 2.31107e-09 0.246689 0.703465
0.409594 1.17484e-09 2.92598e-05 0.344013 2.78718e-09 0.246364 0.69136
0.410096 1.13309e-09 4.38379e-05 0.343767 3.36876e-09 0.246093 0.679689
0.410558 1.10887e-09 6.50195e-05 0.343507 4.07769e-09 0.24587 0.668429
0.41098 1.09908e-09 9.54532e-05 0.343236 4.94008e-09 0.245689 0.657557
0.411365 1.10159e-09 0.000138688 0.342953 5.98699e-09 0.245543 0.647053
0.411714 1.11494e-09 0.000199408 0.342661 7.25524e-09 0.245426 0.636898
0.412028 1.13816e-09 0.0002837 0.342361 8.78838e-09 0.245327 0.627075
0.41231 1.17064e-09 0.000399343 0.342053 1.06378e-08 0.245237 0.617566
0.412561 1.21202e-09 0.00055611 0.341739 1.28638e-08 0.245144 0.608357
0.412781 1.26217e-09 0.000766054 0.34142 1.55373e-08 0.245033 0.599433
0.412973 1.32112e-09 0.00104375 0.341096 1.87413e-08 0.244888 0.59078
0.413137 1.38902e-09 0.00140647 0.340768 2.25726e-08 0.244688 0.582386
0.413275 1.46616e-09 0.0018742 0.340437 2.71438e-08 0.244414 0.574238
0.413387 1.5529e-09 0.00246952 0.340104 3.25857e-08 0.24404 0.566326
0.413475 1.64968e-09 0.00321728 0.339768 3.90497e-08 0.24354 0.558639
0.413539 1.75703e-09 0.00414401 0.339431 4.67106e-08 0.242885 0.551168
0.413581 1.87551e-09 0.00527715 0.339093 5.57693e-08 0.242049 0.543904
0.413602 2.00573e-09 0.00664407 0.338754 6.6456e-08 0.241001 0.536839
0.413601 2.14834e-09 0.00827094 0.338414 7.90339e-08 0.239714 0.529964
0.413581 2.30398e-09 0.0101816 0.338074 9.3802e-08 0.238164 0.523275
0.413542 2.47334e-09 0.0123963 0.337733 1.11099e-07 0.236329 0.516763
0.413484 2.65707e-09 0.0149312 0.337393 1.31308e-07 0.234191 0.510424
0.41341 2.85584e-09 0.0177972 0.337053 1.54858e-07 0.231739 0.504252
0.41332 3.07027e-09 0.0209996 0.336714 1.82229e-07 0.228966 0.498241
0.413215 3.30096e-09 0.0245385 0.336377 2.13954e-07 0.22587 0.492387
0.413096 3.54846e-09 0.0284085 0.336041 2.50624e-07 0.222455 0.486686
0.412964 3.81327e-09 0.0325994 0.335707 2.9289e-07 0.218729 0.481132
0.41282 4.09582e-09 0.0370971 0.335377 3.41461e-07 0.214706 0.475721
0.412666 4.39646e-09 0.0418837 0.33505 3.97112e-07 0.2104 0.470449
0.412502 4.71547e-09 0.0469387 0.334726 4.60678e-07 0.205833 0.465313
0.412329 5.05303e-09 0.0522399 0.334408 5.33057e-07 0.201023 0.460307
0.412147 5.40923e-09 0.0577633 0.334095 6.15205e-07 0.195994 0.455428
0.411959 5.78403e-09 0.0634844 0.333787 7.08134e-07 0.19077 0.450672
0.411763 6.1773e-09 0.0693784 0.333485 8.12906e-07 0.185373 0.446035
0.411561 6.58878e-09 0.0754202 0.333189 9.30628e-07 0.179829 0.441514
0.411353 7.01807e-09 0.0815852 0.332899 1.06244e-06 0.174162 0.437105
0.41114 7.46468e-09 0.0878492 0.332615 1.20951e-06 0.168394 0.432804
0.410921 7.92799e-09 0.0941884 0.332338 1.373e-06 0.162551 0.428608
0.410696 8.40723e-09 0.10058 0.332068 1.55411e-06 0.156655 0.424513
0.410466 8.90157e-09 0.107001 0.331803 1.75399e-06 0.150729 0.420517
0.41023 9.41003e-09 0.11343 0.331544 1.97376e-06 0.144794 0.416616
0.409988 9.93156e-09 0.119847 0.331291 2.21453e-06 0.138872 0.412807
0.409739 1.04651e-08 0.12623 0.331044 2.47731e-06 0.132984 0.409088
0.391804 1.75627e-06 1.51873e-08 0.344402 1.23423e-09 0.263793 0.985238
0.393523 5.17368e-07 2.24013e-08 0.344689 9.78686e-10 0.261787 0.960812
0.395124 1.83476e-07 3.41854e-08 0.344923 8.41003e-10 0.259952 0.93761
0.396617 7.62409e-08 5.34403e-08 0.345108 7.71268e-10 0.258275 0.915549
0.39801 3.62522e-08 8.49146e-08 0.345247 7.45665e-10 0.256744 0.894549
0.399309 1.93302e-08 1.36316e-07 0.345342 7.52565e-10 0.255349 0.874539
0.400521 1.13627e-08 2.20047e-07 0.345398 7.86626e-10 0.254082 0.855451
0.401651 7.25832e-09 3.55872e-07 0.345416 8.46121e-10 0.252932 0.837224
0.402706 4.97792e-09 5.7497e-07 0.3454 9.31687e-10 0.251894 0.8198
0.40369 3.62827e-09 9.25994e-07 0.345351 1.04574e-09 0.250958 0.803129
0.404607 2.78648e-09 1.48402e-06 0.345274 1.19226e-09 0.250118 0.787161
0.405461 2.23851e-09 2.36354e-06 0.345169 1.3767e-09 0.249368 0.771853
0.406255 1.86949e-09 3.73708e-06 0.345038 1.60616e-09 0.248703 0.757164
0.406993 1.6146e-09 5.86145e-06 0.344885 1.88947e-09 0.248116 0.743057
0.407678 1.43559e-09 9.11415e-06 0.344711 2.23751e-09 0.247602 0.729498
0.408312 1.30903e-09 1.40431e-05 0.344517 2.66347e-09 0.247157 0.716454
0.408899 1.22009e-09 2.1433e-05 0.344305 3.18329e-09 0.246774 0.703896
0.40944 1.15909e-09 3.23937e-05 0.344078 3.81606e-09 0.24645 0.691797
0.409938 1.11962e-09 4.84728e-05 0.343835 4.5846e-09 0.246178 0.680132
0.410395 1.09731e-09 7.1799e-05 0.34358 5.51604e-09 0.245953 0.668877
0.410813 1.08917e-09 0.000105259 0.343313 6.64257e-09 0.245769 0.65801
0.411193 1.09317e-09 0.00015271 0.343036 8.00223e-09 0.245619 0.647511
0.411537 1.1079e-09 0.000219228 0.342749 9.63986e-09 0.245495 0.637361
0.411847 1.13244e-09 0.000311385 0.342454 1.16082e-08 0.245388 0.627542
0.412124 1.16623e-09 0.00043755 0.342152 1.39691e-08 0.245287 0.618038
0.41237 1.20893e-09 0.000608193 0.341844 1.67948e-08 0.245178 0.608833
0.412586 1.26044e-09 0.000836164 0.34153 2.01699e-08 0.245048 0.599913
0.412773 1.32082e-09 0.00113692 0.341213 2.41925e-08 0.244878 0.591265
0.412932 1.39025e-09 0.00152866 0.340891 2.89768e-08 0.244648 0.582874
0.413065 1.46903e-09 0.00203231 0.340567 3.46551e-08 0.244336 0.57473
0.413173 1.55754e-09 0.00267131 0.340239 4.13801e-08 0.243916 0.566822
0.413257 1.65625e-09 0.00347124 0.33991 4.93278e-08 0.243362 0.559138
0.413317 1.76568e-09 0.0044591 0.339579 5.87002e-08 0.242645 0.551671
0.413354 1.88641e-09 0.00566252 0.339247 6.97288e-08 0.241736 0.544411
0.413371 2.01907e-09 0.00710865 0.338914 8.26776e-08 0.240607 0.537349
0.413366 2.16429e-09 0.008823 0.338579 9.78466e-08 0.239232 0.530479
0.413342 2.32274e-09 0.0108283 0.338244 1.15576e-07 0.237586 0.523794
0.413299 2.4951e-09 0.0131434 0.337908 1.36248e-07 0.235649 0.517288
0.413239 2.68202e-09 0.0157826 0.337572 1.60294e-07 0.233406 0.510954
0.413162 2.88415e-09 0.0187545 0.337236 1.88195e-07 0.230847 0.504787
0.413069 3.10212e-09 0.0220627 0.336901 2.20486e-07 0.227967 0.498782
0.412961 3.33651e-09 0.0257048 0.336567 2.5776e-07 0.224767 0.492935
0.41284 3.58785e-09 0.0296736 0.336234 3.00669e-07 0.221252 0.487239
0.412707 3.85663e-09 0.0339572 0.335903 3.49929e-07 0.217432 0.481692
0.412562 4.14326e-09 0.0385398 0.335575 4.06317e-07 0.213323 0.476288
0.412407 4.44808e-09 0.0434024 0.335251 4.70677e-07 0.20894 0.471024
0.412242 4.77134e-09 0.0485238 0.33493 5.43914e-07 0.204304 0.465894
0.412069 5.11321e-09 0.053881 0.334613 6.26997e-07 0.199436 0.460896
0.411888 5.47374e-09 0.0594501 0.334302 7.20952e-07 0.194359 0.456024
0.4117 5.85289e-09 0.0652064 0.333996 8.2686e-07 0.189097 0.451275
0.411505 6.25049e-09 0.0711253 0.333695 9.45848e-07 0.183673 0.446645
0.411305 6.66626e-09 0.0771821 0.333401 1.07908e-06 0.178111 0.442131
0.411099 7.0998e-09 0.0833527 0.333113 1.22776e-06 0.172435 0.437728
0.410887 7.55059e-09 0.0896133 0.332831 1.39309e-06 0.166668 0.433433
0.41067 8.01798e-09 0.0959409 0.332555 1.57629e-06 0.160833 0.429243
0.410447 8.5012e-09 0.102313 0.332286 1.77856e-06 0.154952 0.425155
0.410219 8.9994e-09 0.108708 0.332022 2.0011e-06 0.149049 0.421165
0.409985 9.51159e-09 0.115105 0.331765 2.24503e-06 0.143142 0.417269
0.409746 1.00367e-08 0.121484 0.331513 2.51143e-06 0.137255 0.413466
0.4095 1.05737e-08 0.127825 0.331266 2.80131e-06 0.131406 0.409751
0.391726 1.67209e-06 1.70625e-08 0.344448 1.84849e-09 0.263824 0.985591
0.39344 4.9396e-07 2.51896e-08 0.344736 1.46222e-09 0.261823 0.961175
0.395037 1.75677e-07 3.84655e-08 0.34497 1.25276e-09 0.259992 0.937983
0.396526 7.32059e-08 6.01569e-08 0.345155 1.14487e-09 0.258319 0.91593
0.397913 3.49039e-08 9.56073e-08 0.345294 1.10252e-09 0.256792 0.894939
0.399208 1.866e-08 1.53484e-07 0.345391 1.10793e-09 0.255402 0.874937
0.400415 1.09961e-08 2.47718e-07 0.345447 1.1527e-09 0.254138 0.855857
0.401541 7.04081e-09 4.00488e-07 0.345466 1.23379e-09 0.252992 0.837637
0.402592 4.83968e-09 6.4674e-07 0.345451 1.35154e-09 0.251956 0.820221
0.403571 3.5351e-09 1.04094e-06 0.345405 1.50885e-09 0.251024 0.803556
0.404483 2.7205e-09 1.66699e-06 0.345329 1.7107e-09 0.250187 0.787595
0.405332 2.18978e-09 2.65269e-06 0.345226 1.96411e-09 0.24944 0.772294
0.406121 1.83221e-09 4.19027e-06 0.345098 2.27815e-09 0.248777 0.757611
0.406855 1.58522e-09 6.56538e-06 0.344947 2.66415e-09 0.248191 0.743511
0.407535 1.41188e-09 1.01971e-05 0.344776 3.13599e-09 0.247679 0.729957
0.408165 1.28952e-09 1.56927e-05 0.344585 3.71045e-09 0.247234 0.716919
0.408747 1.20379e-09 2.39198e-05 0.344377 4.40763e-09 0.246852 0.704367
0.409283 1.14535e-09 3.61027e-05 0.344153 5.25154e-09 0.246527 0.692274
0.409776 1.10796e-09 5.39446e-05 0.343915 6.27064e-09 0.246254 0.680614
0.410228 1.08741e-09 7.97824e-05 0.343664 7.49861e-09 0.246027 0.669364
0.410641 1.08082e-09 0.000116776 0.343402 8.97513e-09 0.24584 0.658502
0.411016 1.08622e-09 0.000169133 0.34313 1.07468e-08 0.245685 0.648008
0.411356 1.10227e-09 0.000242372 0.342848 1.28684e-08 0.245554 0.637863
0.411661 1.12808e-09 0.000343613 0.342559 1.54037e-08 0.245437 0.628049
0.411933 1.16313e-09 0.000481882 0.342263 1.84272e-08 0.245322 0.618549
0.412174 1.20713e-09 0.000668416 0.341961 2.20258e-08 0.245197 0.609349
0.412386 1.25999e-09 0.000916935 0.341653 2.62999e-08 0.245044 0.600433
0.412568 1.3218e-09 0.00124384 0.341342 3.13663e-08 0.244846 0.591787
