0.176837 0.165745 0.162025 0.165325 0.163641 0.166427 0.170127
0.186739 0.164815 0.157517 0.16399 0.160754 0.166185 0.171153
0.196312 0.163892 0.153151 0.162678 0.158011 0.165957 0.17208
0.205506 0.162991 0.148934 0.161403 0.155413 0.165753 0.172913
0.214284 0.162123 0.144873 0.160175 0.15296 0.165586 0.173655
0.22262 0.161295 0.140968 0.159002 0.150653 0.165462 0.174314
0.230496 0.160516 0.137222 0.157892 0.148487 0.165387 0.174896
0.237906 0.159789 0.133633 0.156849 0.146459 0.165365 0.175409
0.244848 0.159119 0.130198 0.155874 0.144564 0.165397 0.175858
0.251329 0.158506 0.126915 0.15497 0.142796 0.165485 0.176252
0.25736 0.157952 0.123778 0.154135 0.141148 0.165626 0.176597
0.262958 0.157456 0.120783 0.153368 0.139615 0.16582 0.176899
0.26814 0.157015 0.117924 0.152668 0.138189 0.166064 0.177162
0.272926 0.156629 0.115195 0.152031 0.136864 0.166354 0.177394
0.27734 0.156295 0.11259 0.151455 0.135633 0.166687 0.177596
0.281403 0.15601 0.110103 0.150936 0.134489 0.16706 0.177775
0.285138 0.15577 0.107727 0.150471 0.133426 0.167467 0.177932
0.288569 0.155574 0.105457 0.150056 0.132439 0.167906 0.178071
0.291716 0.155417 0.103287 0.149688 0.13152 0.168371 0.178195
0.294602 0.155297 0.101212 0.149362 0.130666 0.16886 0.178305
0.297247 0.155211 0.0992263 0.149077 0.129871 0.169368 0.178403
0.29967 0.155155 0.0973247 0.148828 0.12913 0.169892 0.178492
0.301889 0.155127 0.0955027 0.148612 0.12844 0.170429 0.178572
0.303922 0.155125 0.0937559 0.148426 0.127795 0.170976 0.178644
0.305785 0.155145 0.0920799 0.148269 0.127193 0.171529 0.178709
0.307491 0.155186 0.090471 0.148136 0.12663 0.172086 0.178769
0.309055 0.155245 0.0889254 0.148026 0.126103 0.172645 0.178824
0.31049 0.15532 0.0874397 0.147937 0.125609 0.173204 0.178874
0.311807 0.15541 0.0860105 0.147867 0.125145 0.173761 0.178921
0.313016 0.155513 0.084635 0.147813 0.124709 0.174314 0.178964
0.314128 0.155626 0.0833103 0.147775 0.1243 0.174861 0.179003
0.315151 0.15575 0.0820336 0.14775 0.123914 0.175402 0.17904
0.316093 0.155882 0.0808027 0.147737 0.123551 0.175936 0.179075
0.316961 0.156021 0.079615 0.147735 0.123208 0.17646 0.179107
0.317763 0.156166 0.0784686 0.147743 0.122884 0.176975 0.179137
0.318505 0.156317 0.0773613 0.147759 0.122578 0.17748 0.179165
0.319191 0.156472 0.0762912 0.147784 0.122288 0.177974 0.179192
0.319827 0.156631 0.0752567 0.147815 0.122013 0.178457 0.179217
0.320418 0.156793 0.0742559 0.147852 0.121753 0.178929 0.17924
0.320967 0.156957 0.0732874 0.147895 0.121506 0.179389 0.179262
0.321478 0.157123 0.0723496 0.147942 0.121271 0.179837 0.179283
0.321955 0.157289 0.0714412 0.147993 0.121048 0.180273 0.179303
0.322401 0.157457 0.0705609 0.148048 0.120836 0.180697 0.179322
0.322818 0.157625 0.0697074 0.148107 0.120635 0.181109 0.179339
0.323209 0.157793 0.0688796 0.148168 0.120442 0.181509 0.179356
0.323576 0.15796 0.0680764 0.148231 0.120259 0.181897 0.179372
0.323922 0.158127 0.0672968 0.148296 0.120085 0.182274 0.179387
0.324247 0.158292 0.0665397 0.148363 0.119918 0.182639 0.179402
0.324555 0.158457 0.0658044 0.148432 0.11976 0.182993 0.179415
0.324845 0.15862 0.0650898 0.148501 0.119608 0.183335 0.179428
0.32512 0.158782 0.0643951 0.148572 0.119463 0.183667 0.179441
0.325381 0.158942 0.0637197 0.148643 0.119325 0.183989 0.179452
0.325629 0.159101 0.0630627 0.148715 0.119193 0.1843 0.179464
0.325865 0.159257 0.0624234 0.148787 0.119067 0.184601 0.179474
0.32609 0.159411 0.0618012 0.14886 0.118946 0.184892 0.179484
0.326305 0.159564 0.0611954 0.148932 0.118831 0.185173 0.179494
0.32651 0.159714 0.0606055 0.149005 0.11872 0.185446 0.179504
0.326706 0.159862 0.0600308 0.149077 0.118615 0.185709 0.179512
0.326894 0.160007 0.0594707 0.14915 0.118514 0.185964 0.179521
0.327075 0.16015 0.0589249 0.149222 0.118418 0.186211 0.179529
0.327248 0.160291 0.0583927 0.149293 0.118326 0.186449 0.179537
0.327415 0.16043 0.0578737 0.149365 0.118237 0.18668 0.179544
0.327575 0.160566 0.0573675 0.149435 0.118153 0.186903 0.179552
0.32773 0.1607 0.0568736 0.149506 0.118073 0.187118 0.179558
0.327879 0.160831 0.0563915 0.149575 0.117996 0.187327 0.179565
0.328023 0.16096 0.055921 0.149644 0.117922 0.187529 0.179571
0.328163 0.161087 0.0554616 0.149713 0.117852 0.187724 0.179577
0.328297 0.161211 0.0550129 0.14978 0.117785 0.187913 0.179583
0.328428 0.161333 0.0545746 0.149848 0.11772 0.188096 0.179589
0.328555 0.161453 0.0541464 0.149914 0.117659 0.188273 0.179594
0.328677 0.16157 0.053728 0.149979 0.117601 0.188445 0.179599
0.328796 0.161685 0.053319 0.150044 0.117545 0.188611 0.179604
0.328912 0.161798 0.0529191 0.150108 0.117491 0.188771 0.179609
0.329024 0.161909 0.0525281 0.150171 0.117441 0.188927 0.179613
0.329134 0.162017 0.0521458 0.150234 0.117392 0.189078 0.179618
0.32924 0.162123 0.0517717 0.150295 0.117346 0.189224 0.179622
0.329343 0.162227 0.0514058 0.150356 0.117302 0.189366 0.179626
0.329444 0.162329 0.0510477 0.150416 0.11726 0.189503 0.17963
0.329542 0.162429 0.0506972 0.150475 0.117221 0.189636 0.179634
0.329638 0.162526 0.0503541 0.150533 0.117183 0.189765 0.179637
0.329732 0.162622 0.0500182 0.150591 0.117147 0.189891 0.179641
0.329823 0.162716 0.0496892 0.150648 0.117113 0.190012 0.179644
0.329911 0.162807 0.0493671 0.150703 0.117081 0.19013 0.179648
