0.165552 0.16617 0.153036 0.178619 0.164485 0.172138 0.26216
0.164646 0.165815 0.140717 0.189245 0.162009 0.177568 0.264754
0.163942 0.165595 0.129576 0.198586 0.159344 0.182957 0.266961
0.163424 0.165497 0.119485 0.206725 0.15657 0.188298 0.268855
0.163074 0.165503 0.11033 0.21377 0.153747 0.193576 0.270494
0.16287 0.165594 0.102007 0.21984 0.150918 0.198771 0.271924
0.162792 0.165751 0.0944228 0.225054 0.148116 0.203865 0.273183
0.16282 0.165957 0.087498 0.229526 0.145362 0.208837 0.2743
0.162939 0.166197 0.0811623 0.233361 0.142672 0.213669 0.275295
0.163133 0.166458 0.0753542 0.236653 0.140057 0.218345 0.276187
0.16339 0.166729 0.0700204 0.239485 0.137524 0.222852 0.276991
0.163697 0.167002 0.0651142 0.241929 0.135076 0.227181 0.277717
0.164048 0.16727 0.0605947 0.244048 0.132717 0.231322 0.278374
0.164433 0.167527 0.0564257 0.245894 0.130447 0.235273 0.278971
0.164846 0.167771 0.0525755 0.247512 0.128265 0.23903 0.279514
0.165283 0.167997 0.0490156 0.248938 0.126171 0.242595 0.280009
0.165739 0.168204 0.0457209 0.250205 0.124161 0.24597 0.28046
0.16621 0.168392 0.0426688 0.251337 0.122235 0.249157 0.280872
0.166694 0.168558 0.039839 0.252356 0.120389 0.252164 0.28125
0.167187 0.168703 0.0372132 0.25328 0.118621 0.254995 0.281596
0.167688 0.168828 0.0347749 0.254123 0.116928 0.257658 0.281912
0.168195 0.168931 0.0325092 0.254897 0.115307 0.26016 0.282204
0.168706 0.169015 0.0304024 0.255611 0.113756 0.26251 0.282471
0.16922 0.169078 0.0284422 0.256275 0.11227 0.264714 0.282717
0.169736 0.169123 0.0266174 0.256894 0.110847 0.266782 0.282944
0.170253 0.16915 0.0249176 0.257474 0.109485 0.26872 0.283153
0.170769 0.16916 0.0233335 0.258019 0.108181 0.270537 0.283346
0.171285 0.169153 0.0218563 0.258534 0.106932 0.272241 0.283524
0.171799 0.16913 0.0204784 0.259021 0.105735 0.273837 0.283689
0.17231 0.169092 0.0191923 0.259482 0.104588 0.275334 0.283841
0.172819 0.169041 0.0179915 0.25992 0.103489 0.276738 0.283983
0.173325 0.168976 0.0168698 0.260338 0.102436 0.278056 0.284114
0.173827 0.168899 0.0158216 0.260735 0.101425 0.279292 0.284236
0.174326 0.168809 0.0148416 0.261115 0.100456 0.280452 0.284349
0.17482 0.168709 0.0139252 0.261477 0.0995263 0.281542 0.284454
0.175309 0.168599 0.0130679 0.261824 0.0986337 0.282567 0.284552
0.175794 0.168479 0.0122656 0.262155 0.0977768 0.28353 0.284643
0.176273 0.168349 0.0115146 0.262472 0.0969539 0.284436 0.284728
0.176748 0.168212 0.0108113 0.262776 0.0961633 0.28529 0.284807
0.177217 0.168066 0.0101525 0.263067 0.0954036 0.286094 0.284881
0.177681 0.167913 0.00953531 0.263346 0.0946733 0.286851 0.284949
0.178139 0.167754 0.00895686 0.263613 0.093971 0.287566 0.285014
0.178592 0.167588 0.0084146 0.26387 0.0932956 0.288241 0.285074
0.179039 0.167416 0.00790615 0.264115 0.0926456 0.288878 0.28513
0.17948 0.167239 0.0074293 0.264351 0.0920201 0.28948 0.285183
0.179916 0.167058 0.00698198 0.264577 0.0914179 0.29005 0.285232
0.180345 0.166871 0.00656228 0.264794 0.0908379 0.290589 0.285278
0.180769 0.166681 0.00616842 0.265003 0.0902792 0.291099 0.285322
0.181187 0.166487 0.00579874 0.265203 0.0897408 0.291583 0.285362
0.1816 0.16629 0.00545169 0.265395 0.0892218 0.292041 0.2854
0.182006 0.16609 0.00512584 0.26558 0.0887215 0.292476 0.285436
0.182407 0.165888 0.00481984 0.265757 0.0882389 0.292889 0.28547
0.182803 0.165683 0.00453244 0.265927 0.0877734 0.293282 0.285501
0.183192 0.165476 0.00426247 0.266091 0.0873241 0.293655 0.285531
0.183576 0.165267 0.00400884 0.266248 0.0868905 0.294009 0.285558
0.183954 0.165057 0.00377054 0.2664 0.0864718 0.294347 0.285584
0.184327 0.164845 0.0035466 0.266545 0.0860675 0.294668 0.285609
0.184695 0.164633 0.00333615 0.266685 0.0856769 0.294975 0.285632
0.185057 0.164419 0.00313834 0.266819 0.0852995 0.295266 0.285654
0.185414 0.164205 0.0029524 0.266949 0.0849348 0.295545 0.285674
0.185765 0.163991 0.0027776 0.267074 0.0845822 0.295811 0.285694
0.186111 0.163777 0.00261326 0.267193 0.0842412 0.296064 0.285712
0.186452 0.163562 0.00245874 0.267309 0.0839115 0.296307 0.285729
0.186788 0.163348 0.00231345 0.26742 0.0835925 0.296538 0.285745
0.187119 0.163133 0.00217681 0.267527 0.0832838 0.29676 0.28576
0.187445 0.16292 0.00204831 0.26763 0.082985 0.296972 0.285774
0.187766 0.162706 0.00192746 0.26773 0.0826958 0.297175 0.285788
0.188082 0.162494 0.00181378 0.267826 0.0824158 0.297369 0.2858
0.188394 0.162282 0.00170686 0.267918 0.0821446 0.297555 0.285812
0.1887 0.162071 0.00160628 0.268007 0.0818819 0.297733 0.285824
0.189002 0.161861 0.00151166 0.268093 0.0816274 0.297905 0.285834
0.1893 0.161652 0.00142265 0.268176 0.0813807 0.298069 0.285844
0.189593 0.161444 0.0013389 0.268256 0.0811416 0.298227 0.285854
0.189881 0.161237 0.00126011 0.268334 0.0809098 0.298378 0.285863
0.190166 0.161032 0.00118598 0.268408 0.0806851 0.298523 0.285871
0.190445 0.160828 0.00111622 0.26848 0.0804671 0.298663 0.285879
0.190721 0.160625 0.00105059 0.26855 0.0802557 0.298798 0.285887
0.190992 0.160424 0.000988824 0.268617 0.0800506 0.298927 0.285894
0.19126 0.160225 0.000930705 0.268682 0.0798515 0.299052 0.285901
0.191523 0.160027 0.000876013 0.268745 0.0796583 0.299172 0.285907
0.191782 0.15983 0.000824544 0.268805 0.0794708 0.299287 0.285913
0.192037 0.159636 0.000776107 0.268864 0.0792887 0.299398 0.285919
0.192288 0.159443 0.000730523 0.268921 0.0791119 0.299506 0.285925
0.192536 0.159251 0.000687623 0.268976 0.0789402 0.299609 0.28593
0.192779 0.159062 0.000647247 0.269029 0.0787734 0.299709 0.285935
0.193019 0.158874 0.000609247 0.26908 0.0786114 0.299806 0.285939
0.193256 0.158688 0.000573481 0.26913 0.0784539 0.299899 0.285944
0.193488 0.158504 0.000539819 0.269178 0.0783009 0.299989 0.285948
0.193717 0.158322 0.000508136 0.269225 0.0781522 0.300075 0.285952
0.193943 0.158142 0.000478315 0.26927 0.0780076 0.300159 0.285955
0.194165 0.157963 0.000450247 0.269314 0.077867 0.300241 0.285959
0.194384 0.157787 0.000423828 0.269357 0.0777302 0.300319 0.285962
0.194599 0.157612 0.00039896 0.269398 0.0775973 0.300395 0.285965
0.194811 0.157439 0.000375553 0.269438 0.0774679 0.300469 0.285968
0.19502 0.157268 0.000353521 0.269476 0.077342 0.30054 0.285971
0.195225 0.157099 0.000332782 0.269514 0.0772196 0.300609 0.285974
0.195428 0.156932 0.00031326 0.26955 0.0771004 0.300676 0.285976
0.195627 0.156767 0.000294885 0.269585 0.0769844 0.300741 0.285979
0.195824 0.156604 0.000277588 0.26962 0.0768715 0.300804 0.285981
0.196017 0.156443 0.000261306 0.269653 0.0767616 0.300865 0.285983
0.196207 0.156283 0.00024598 0.269685 0.0766546 0.300924 0.285985
0.196394 0.156126 0.000231553 0.269717 0.0765504 0.300981 0.285987
0.196579 0.15597 0.000217972 0.269747 0.0764489 0.301037 0.285989
0.196761 0.155816 0.000205189 0.269777 0.07635 0.301091 0.285991
0.196939 0.155665 0.000193155 0.269805 0.0762536 0.301144 0.285993
0.197115 0.155515 0.000181827 0.269833 0.0761598 0.301195 0.285994
0.197289 0.155367 0.000171163 0.26986 0.0760683 0.301245 0.285996
0.19746 0.15522 0.000161125 0.269887 0.0759792 0.301293 0.285997
0.197628 0.155076 0.000151676 0.269912 0.0758923 0.30134 0.285998
0.197793 0.154933 0.000142781 0.269937 0.0758076 0.301386 0.286
0.197956 0.154793 0.000134407 0.269962 0.075725 0.30143 0.286001
0.198117 0.154654 0.000126525 0.269985 0.0756445 0.301473 0.286002
0.198275 0.154517 0.000119105 0.270008 0.075566 0.301516 0.286003
0.19843 0.154381 0.00011212 0.27003 0.0754894 0.301557 0.286004
0.198583 0.154248 0.000105545 0.270052 0.0754147 0.301597 0.286005
0.198734 0.154116 9.93551e-05 0.270073 0.0753419 0.301636 0.286006
0.198883 0.153986 9.35283e-05 0.270094 0.0752708 0.301673 0.286007
0.199029 0.153857 8.80432e-05 0.270114 0.0752014 0.30171 0.286008
0.199173 0.153731 8.28798e-05 0.270133 0.0751338 0.301747 0.286009
0.199314 0.153606 7.80191e-05 0.270152 0.0750677 0.301782 0.28601
0.199454 0.153483 7.34435e-05 0.270171 0.0750032 0.301816 0.286011
0.199591 0.153361 6.91362e-05 0.270189 0.0749403 0.301849 0.286011
0.199727 0.153241 6.50814e-05 0.270206 0.0748788 0.301882 0.286012
0.19986 0.153123 6.12644e-05 0.270224 0.0748189 0.301914 0.286013
0.199991 0.153006 5.76713e-05 0.27024 0.0747603 0.301945 0.286013
0.20012 0.152891 5.42888e-05 0.270257 0.0747031 0.301975 0.286014
0.200247 0.152777 5.11047e-05 0.270272 0.0746472 0.302005 0.286015
0.200372 0.152665 4.81073e-05 0.270288 0.0745926 0.302034 0.286015
0.200496 0.152555 4.52856e-05 0.270303 0.0745393 0.302062 0.286016
0.200617 0.152446 4.26294e-05 0.270318 0.0744872 0.30209 0.286016
0.200736 0.152339 4.0129e-05 0.270332 0.0744363 0.302117 0.286017
0.200854 0.152233 3.77752e-05 0.270346 0.0743866 0.302143 0.286017
0.20097 0.152128 3.55595e-05 0.270359 0.074338 0.302169 0.286018
0.201084 0.152025 3.34737e-05 0.270373 0.0742905 0.302194 0.286018
0.201196 0.151924 3.15102e-05 0.270386 0.0742441 0.302219 0.286018
0.201306 0.151824 2.96618e-05 0.270398 0.0741987 0.302243 0.286019
0.201415 0.151725 2.79219e-05 0.270411 0.0741544 0.302267 0.286019
0.201522 0.151628 2.62839e-05 0.270423 0.074111 0.30229 0.286019
0.201628 0.151532 2.47421e-05 0.270435 0.0740686 0.302312 0.28602
0.201732 0.151437 2.32907e-05 0.270446 0.0740271 0.302334 0.28602
0.201834 0.151344 2.19244e-05 0.270457 0.0739866 0.302356 0.28602
0.201935 0.151252 2.06382e-05 0.270468 0.0739469 0.302377 0.286021
0.202034 0.151162 1.94274e-05 0.270479 0.0739081 0.302398 0.286021
0.202131 0.151072 1.82877e-05 0.27049 0.0738702 0.302418 0.286021
0.202227 0.150984 1.72148e-05 0.2705 0.0738331 0.302438 0.286022
0.202322 0.150898 1.62049e-05 0.27051 0.0737967 0.302457 0.286022
0.202415 0.150812 1.52542e-05 0.27052 0.0737612 0.302476 0.286022
0.202507 0.150728 1.43592e-05 0.270529 0.0737264 0.302495 0.286022
0.202597 0.150645 1.35168e-05 0.270539 0.0736924 0.302513 0.286022
0.202686 0.150563 1.27237e-05 0.270548 0.0736591 0.302531 0.286023
0.202774 0.150483 1.19772e-05 0.270557 0.0736265 0.302549 0.286023
0.20286 0.150403 1.12745e-05 0.270565 0.0735945 0.302566 0.286023
0.202945 0.150325 1.0613e-05 0.270574 0.0735633 0.302583 0.286023
0.203028 0.150248 9.99026e-06 0.270582 0.0735327 0.302599 0.286023
0.20311 0.150172 9.40408e-06 0.27059 0.0735028 0.302616 0.286024
0.203191 0.150097 8.85229e-06 0.270598 0.0734735 0.302631 0.286024
0.203271 0.150023 8.33287e-06 0.270606 0.0734447 0.302647 0.286024
0.20335 0.14995 7.84392e-06 0.270614 0.0734166 0.302662 0.286024
0.203427 0.149878 7.38365e-06 0.270621 0.0733891 0.302677 0.286024
0.203503 0.149808 6.95039e-06 0.270628 0.0733621 0.302692 0.286024
0.203578 0.149738 6.54254e-06 0.270636 0.0733357 0.302706 0.286025
0.203652 0.14967 6.15862e-06 0.270643 0.0733098 0.30272 0.286025
0.203724 0.149602 5.79723e-06 0.270649 0.0732845 0.302734 0.286025
0.203796 0.149535 5.45704e-06 0.270656 0.0732596 0.302748 0.286025
0.203866 0.14947 5.1368e-06 0.270663 0.0732353 0.302761 0.286025
0.203935 0.149405 4.83536e-06 0.270669 0.0732115 0.302774 0.286025
0.204004 0.149341 4.5516e-06 0.270675 0.0731881 0.302787 0.286025
0.204071 0.149279 4.28449e-06 0.270682 0.0731652 0.302799 0.286025
0.204137 0.149217 4.03306e-06 0.270688 0.0731428 0.302812 0.286025
0.204202 0.149156 3.79637e-06 0.270694 0.0731208 0.302824 0.286026
0.204266 0.149096 3.57358e-06 0.270699 0.0730992 0.302836 0.286026
0.204329 0.149037 3.36385e-06 0.270705 0.0730781 0.302847 0.286026
0.204391 0.148979 3.16644e-06 0.27071 0.0730574 0.302859 0.286026
0.204453 0.148921 2.9806e-06 0.270716 0.0730371 0.30287 0.286026
0.204513 0.148865 2.80567e-06 0.270721 0.0730171 0.302881 0.286026
0.204572 0.148809 2.64101e-06 0.270726 0.0729976 0.302892 0.286026
0.204631 0.148754 2.48601e-06 0.270732 0.0729785 0.302903 0.286026
0.204688 0.1487 2.3401e-06 0.270737 0.0729597 0.302913 0.286026
0.204745 0.148647 2.20276e-06 0.270741 0.0729413 0.302923 0.286026
0.2048 0.148595 2.07347e-06 0.270746 0.0729233 0.302933 0.286026
0.204855 0.148543 1.95178e-06 0.270751 0.0729056 0.302943 0.286026
0.204909 0.148492 1.83722e-06 0.270756 0.0728882 0.302953 0.286026
0.204962 0.148442 1.72939e-06 0.27076 0.0728712 0.302963 0.286027
0.205015 0.148393 1.62788e-06 0.270765 0.0728545 0.302972 0.286027
0.205066 0.148344 1.53233e-06 0.270769 0.0728381 0.302981 0.286027
0.205117 0.148296 1.44239e-06 0.270773 0.072822 0.30299 0.286027
0.205167 0.148249 1.35773e-06 0.270777 0.0728062 0.302999 0.286027
0.205216 0.148202 1.27804e-06 0.270781 0.0727908 0.303008 0.286027
0.205265 0.148157 1.20302e-06 0.270785 0.0727756 0.303016 0.286027
0.205313 0.148111 1.13241e-06 0.270789 0.0727607 0.303025 0.286027
0.20536 0.148067 1.06594e-06 0.270793 0.0727461 0.303033 0.286027
0.205406 0.148023 1.00337e-06 0.270797 0.0727317 0.303041 0.286027
0.205451 0.14798 9.44471e-07 0.270801 0.0727177 0.303049 0.286027
0.205496 0.147938 8.89031e-07 0.270804 0.0727038 0.303057 0.286027
0.20554 0.147896 8.36845e-07 0.270808 0.0726903 0.303065 0.286027
0.205584 0.147855 7.87723e-07 0.270811 0.072677 0.303072 0.286027
0.205626 0.147814 7.41483e-07 0.270815 0.0726639 0.30308 0.286027
0.205669 0.147774 6.97957e-07 0.270818 0.0726511 0.303087 0.286027
0.20571 0.147735 6.56986e-07 0.270822 0.0726385 0.303094 0.286027
0.205751 0.147696 6.1842e-07 0.270825 0.0726262 0.303101 0.286027
0.205791 0.147658 5.82117e-07 0.270828 0.072614 0.303108 0.286027
0.205831 0.14762 5.47945e-07 0.270831 0.0726021 0.303115 0.286027
0.20587 0.147583 5.15779e-07 0.270834 0.0725904 0.303122 0.286027
0.205908 0.147547 4.85501e-07 0.270837 0.0725789 0.303128 0.286027
0.205946 0.147511 4.57e-07 0.27084 0.0725677 0.303135 0.286027
0.205983 0.147476 4.30172e-07 0.270843 0.0725566 0.303141 0.286027
0.20602 0.147441 4.04919e-07 0.270846 0.0725457 0.303147 0.286027
0.206056 0.147406 3.81149e-07 0.270849 0.0725351 0.303154 0.286028
0.206091 0.147373 3.58773e-07 0.270852 0.0725246 0.30316 0.286028
0.206126 0.147339 3.37711e-07 0.270854 0.0725143 0.303166 0.286028
0.206161 0.147307 3.17885e-07 0.270857 0.0725042 0.303171 0.286028
0.206194 0.147274 2.99223e-07 0.270859 0.0724943 0.303177 0.286028
0.206228 0.147243 2.81657e-07 0.270862 0.0724845 0.303183 0.286028
0.206261 0.147211 2.65122e-07 0.270864 0.0724749 0.303188 0.286028
0.206293 0.14718 2.49557e-07 0.270867 0.0724655 0.303194 0.286028
0.206325 0.14715 2.34906e-07 0.270869 0.0724563 0.303199 0.286028
0.206356 0.14712 2.21115e-07 0.270872 0.0724472 0.303205 0.286028
0.206387 0.147091 2.08134e-07 0.270874 0.0724383 0.30321 0.286028
0.206417 0.147062 1.95915e-07 0.270876 0.0724295 0.303215 0.286028
0.206447 0.147033 1.84413e-07 0.270879 0.0724209 0.30322 0.286028
0.206477 0.147005 1.73586e-07 0.270881 0.0724125 0.303225 0.286028
0.206506 0.146977 1.63395e-07 0.270883 0.0724042 0.30323 0.286028
0.206534 0.14695 1.53802e-07 0.270885 0.072396 0.303235 0.286028
0.206562 0.146923 1.44772e-07 0.270887 0.072388 0.303239 0.286028
0.20659 0.146897 1.36273e-07 0.270889 0.0723801 0.303244 0.286028
0.206617 0.146871 1.28272e-07 0.270891 0.0723724 0.303248 0.286028
0.206644 0.146845 1.20741e-07 0.270893 0.0723647 0.303253 0.286028
0.206671 0.14682 1.13652e-07 0.270895 0.0723573 0.303257 0.286028
0.206697 0.146795 1.0698e-07 0.270897 0.0723499 0.303262 0.286028
0.206722 0.14677 1.00699e-07 0.270899 0.0723427 0.303266 0.286028
0.206747 0.146746 9.47863e-08 0.270901 0.0723356 0.30327 0.286028
0.206772 0.146722 8.92212e-08 0.270903 0.0723286 0.303274 0.286028
0.206797 0.146699 8.39828e-08 0.270904 0.0723218 0.303278 0.286028
0.206821 0.146676 7.9052e-08 0.270906 0.072315 0.303282 0.286028
0.206845 0.146653 7.44106e-08 0.270908 0.0723084 0.303286 0.286028
0.206868 0.146631 7.00417e-08 0.27091 0.0723019 0.30329 0.286028
0.206891 0.146609 6.59293e-08 0.270911 0.0722955 0.303294 0.286028
0.206913 0.146587 6.20584e-08 0.270913 0.0722892 0.303297 0.286028
0.206936 0.146566 5.84147e-08 0.270914 0.072283 0.303301 0.286028
0.206958 0.146545 5.49849e-08 0.270916 0.0722769 0.303305 0.286028
0.206979 0.146524 5.17565e-08 0.270918 0.072271 0.303308 0.286028
0.207 0.146504 4.87177e-08 0.270919 0.0722651 0.303312 0.286028
0.207021 0.146483 4.58572e-08 0.270921 0.0722593 0.303315 0.286028
0.207042 0.146464 4.31647e-08 0.270922 0.0722537 0.303319 0.286028
0.207062 0.146444 4.06303e-08 0.270923 0.0722481 0.303322 0.286028
0.207082 0.146425 3.82447e-08 0.270925 0.0722426 0.303325 0.286028
0.207102 0.146406 3.59991e-08 0.270926 0.0722372 0.303328 0.286028
0.207121 0.146388 3.38854e-08 0.270928 0.0722319 0.303332 0.286028
0.20714 0.146369 3.18958e-08 0.270929 0.0722267 0.303335 0.286028
0.207159 0.146351 3.0023e-08 0.27093 0.0722215 0.303338 0.286028
0.207178 0.146333 2.82602e-08 0.270932 0.0722165 0.303341 0.286028
0.207196 0.146316 2.66008e-08 0.270933 0.0722116 0.303344 0.286028
0.207214 0.146299 2.50389e-08 0.270934 0.0722067 0.303347 0.286028
0.207231 0.146282 2.35687e-08 0.270935 0.0722019 0.30335 0.286028
0.207249 0.146265 2.21848e-08 0.270937 0.0721972 0.303352 0.286028
0.207266 0.146249 2.08822e-08 0.270938 0.0721925 0.303355 0.286028
0.207283 0.146233 1.96561e-08 0.270939 0.072188 0.303358 0.286028
0.207299 0.146217 1.85019e-08 0.27094 0.0721835 0.303361 0.286028
0.207316 0.146201 1.74155e-08 0.270941 0.0721791 0.303363 0.286028
0.207332 0.146185 1.63929e-08 0.270942 0.0721748 0.303366 0.286028
0.207347 0.14617 1.54304e-08 0.270943 0.0721705 0.303368 0.286028
0.207363 0.146155 1.45243e-08 0.270945 0.0721663 0.303371 0.286028
0.207378 0.14614 1.36715e-08 0.270946 0.0721622 0.303373 0.286028
0.207393 0.146126 1.28687e-08 0.270947 0.0721581 0.303376 0.286028
0.207408 0.146112 1.21131e-08 0.270948 0.0721541 0.303378 0.286028
0.207423 0.146097 1.14018e-08 0.270949 0.0721502 0.303381 0.286028
0.207437 0.146084 1.07323e-08 0.27095 0.0721464 0.303383 0.286028
0.207452 0.14607 1.01021e-08 0.270951 0.0721426 0.303385 0.286028
0.207466 0.146056 9.50895e-09 0.270952 0.0721388 0.303387 0.286028
0.207479 0.146043 8.95059e-09 0.270953 0.0721352 0.30339 0.286028
0.207493 0.14603 8.42502e-09 0.270953 0.0721315 0.303392 0.286028
0.207506 0.146017 7.9303e-09 0.270954 0.072128 0.303394 0.286028
0.207519 0.146005 7.46464e-09 0.270955 0.0721245 0.303396 0.286028
0.207532 0.145992 7.02632e-09 0.270956 0.0721211 0.303398 0.286028
0.207545 0.14598 6.61373e-09 0.270957 0.0721177 0.3034 0.286028
0.207558 0.145968 6.22538e-09 0.270958 0.0721144 0.303402 0.286028
0.20757 0.145956 5.85982e-09 0.270959 0.0721111 0.303404 0.286028
0.207582 0.145944 5.51573e-09 0.27096 0.0721079 0.303406 0.286028
0.207594 0.145933 5.19185e-09 0.27096 0.0721047 0.303408 0.286028
0.207606 0.145921 4.88698e-09 0.270961 0.0721016 0.30341 0.286028
0.207617 0.14591 4.60001e-09 0.270962 0.0720985 0.303412 0.286028
0.207629 0.145899 4.3299e-09 0.270963 0.0720955 0.303414 0.286028
0.20764 0.145888 4.07564e-09 0.270964 0.0720925 0.303416 0.286028
0.207651 0.145878 3.83632e-09 0.270964 0.0720896 0.303417 0.286028
0.207662 0.145867 3.61105e-09 0.270965 0.0720867 0.303419 0.286028
0.207673 0.145857 3.399e-09 0.270966 0.0720839 0.303421 0.286028
0.207683 0.145847 3.19941e-09 0.270966 0.0720811 0.303422 0.286028
0.207694 0.145837 3.01154e-09 0.270967 0.0720784 0.303424 0.286028
0.207704 0.145827 2.83469e-09 0.270968 0.0720757 0.303426 0.286028
0.207714 0.145817 2.66824e-09 0.270968 0.0720731 0.303427 0.286028
0.207724 0.145807 2.51155e-09 0.270969 0.0720705 0.303429 0.286028
0.207734 0.145798 2.36407e-09 0.27097 0.0720679 0.303431 0.286028
0.207743 0.145789 2.22525e-09 0.27097 0.0720654 0.303432 0.286028
0.207753 0.14578 2.09458e-09 0.270971 0.0720629 0.303434 0.286028
0.207762 0.14577 1.97158e-09 0.270972 0.0720605 0.303435 0.286028
0.207771 0.145762 1.85581e-09 0.270972 0.0720581 0.303437 0.286028
0.20778 0.145753 1.74683e-09 0.270973 0.0720557 0.303438 0.286028
0.207789 0.145744 1.64425e-09 0.270974 0.0720534 0.303439 0.286028
0.207798 0.145736 1.5477e-09 0.270974 0.0720511 0.303441 0.286028
0.207807 0.145727 1.45681e-09 0.270975 0.0720488 0.303442 0.286028
0.207815 0.145719 1.37127e-09 0.270975 0.0720466 0.303444 0.286028
0.207824 0.145711 1.29074e-09 0.270976 0.0720444 0.303445 0.286028
0.207832 0.145703 1.21495e-09 0.270976 0.0720423 0.303446 0.286028
0.20784 0.145695 1.1436e-09 0.270977 0.0720402 0.303447 0.286028
0.207848 0.145688 1.07645e-09 0.270977 0.0720381 0.303449 0.286028
0.207856 0.14568 1.01323e-09 0.270978 0.0720361 0.30345 0.286028
0.207864 0.145673 9.53734e-10 0.270978 0.0720341 0.303451 0.286028
0.207871 0.145665 8.97728e-10 0.270979 0.0720321 0.303452 0.286028
0.207879 0.145658 8.45011e-10 0.270979 0.0720301 0.303454 0.286028
0.207886 0.145651 7.95389e-10 0.27098 0.0720282 0.303455 0.286028
0.207893 0.145644 7.48681e-10 0.27098 0.0720263 0.303456 0.286028
0.207901 0.145637 7.04716e-10 0.270981 0.0720245 0.303457 0.286028
0.207908 0.14563 6.63333e-10 0.270981 0.0720226 0.303458 0.286028
0.207915 0.145623 6.2438e-10 0.270982 0.0720208 0.303459 0.286028
0.207921 0.145617 5.87714e-10 0.270982 0.0720191 0.30346 0.286028
0.207928 0.14561 5.53202e-10 0.270983 0.0720173 0.303462 0.286028
0.207935 0.145604 5.20716e-10 0.270983 0.0720156 0.303463 0.286028
0.207941 0.145597 4.90137e-10 0.270984 0.0720139 0.303464 0.286028
0.207948 0.145591 4.61355e-10 0.270984 0.0720123 0.303465 0.286028
0.207954 0.145585 4.34262e-10 0.270984 0.0720106 0.303466 0.286028
0.20796 0.145579 4.08761e-10 0.270985 0.072009 0.303467 0.286028
0.207966 0.145573 3.84757e-10 0.270985 0.0720075 0.303468 0.286028
0.207973 0.145567 3.62162e-10 0.270986 0.0720059 0.303469 0.286028
0.207978 0.145562 3.40895e-10 0.270986 0.0720044 0.303469 0.286028
0.207984 0.145556 3.20876e-10 0.270986 0.0720029 0.30347 0.286028
0.20799 0.14555 3.02033e-10 0.270987 0.0720014 0.303471 0.286028
0.207996 0.145545 2.84296e-10 0.270987 0.0719999 0.303472 0.286028
0.208001 0.145539 2.67601e-10 0.270988 0.0719985 0.303473 0.286028
0.208007 0.145534 2.51887e-10 0.270988 0.0719971 0.303474 0.286028
0.208012 0.145529 2.37095e-10 0.270988 0.0719957 0.303475 0.286028
0.208018 0.145524 2.23171e-10 0.270989 0.0719943 0.303476 0.286028
0.208023 0.145519 2.10066e-10 0.270989 0.0719929 0.303477 0.286028
0.208028 0.145514 1.9773e-10 0.270989 0.0719916 0.303477 0.286028
0.208033 0.145509 1.86118e-10 0.27099 0.0719903 0.303478 0.286028
0.208038 0.145504 1.75189e-10 0.27099 0.071989 0.303479 0.286028
0.208043 0.145499 1.64901e-10 0.27099 0.0719878 0.30348 0.286028
0.208048 0.145494 1.55217e-10 0.270991 0.0719865 0.30348 0.286028
0.208053 0.14549 1.46102e-10 0.270991 0.0719853 0.303481 0.286028
0.208058 0.145485 1.37522e-10 0.270991 0.0719841 0.303482 0.286028
0.208062 0.145481 1.29446e-10 0.270992 0.0719829 0.303483 0.286028
0.208067 0.145476 1.21844e-10 0.270992 0.0719817 0.303483 0.286028
0.208071 0.145472 1.14689e-10 0.270992 0.0719806 0.303484 0.286028
0.208076 0.145468 1.07954e-10 0.270992 0.0719794 0.303485 0.286028
0.20808 0.145463 1.01614e-10 0.270993 0.0719783 0.303486 0.286028
0.208084 0.145459 9.56472e-11 0.270993 0.0719772 0.303486 0.286028
0.208089 0.145455 9.00303e-11 0.270993 0.0719761 0.303487 0.286028
0.208093 0.145451 8.47433e-11 0.270994 0.0719751 0.303488 0.286028
0.208097 0.145447 7.97667e-11 0.270994 0.071974 0.303488 0.286028
0.208101 0.145443 7.50824e-11 0.270994 0.071973 0.303489 0.286028
0.208105 0.145439 7.06732e-11 0.270994 0.071972 0.303489 0.286028
0.208109 0.145436 6.65229e-11 0.270995 0.071971 0.30349 0.286028
0.208113 0.145432 6.26163e-11 0.270995 0.07197 0.303491 0.286028
0.208116 0.145428 5.89392e-11 0.270995 0.071969 0.303491 0.286028
0.20812 0.145425 5.54779e-11 0.270995 0.0719681 0.303492 0.286028
0.208124 0.145421 5.222e-11 0.270996 0.0719671 0.303492 0.286028
0.208127 0.145417 4.91533e-11 0.270996 0.0719662 0.303493 0.286028
0.208131 0.145414 4.62668e-11 0.270996 0.0719653 0.303494 0.286028
0.208135 0.145411 4.35498e-11 0.270996 0.0719644 0.303494 0.286028
0.208138 0.145407 4.09923e-11 0.270997 0.0719635 0.303495 0.286028
0.208141 0.145404 3.8585e-11 0.270997 0.0719627 0.303495 0.286028
0.208145 0.145401 3.63191e-11 0.270997 0.0719618 0.303496 0.286028
0.208148 0.145398 3.41862e-11 0.270997 0.071961 0.303496 0.286028
0.208151 0.145394 3.21786e-11 0.270997 0.0719601 0.303497 0.286028
0.208154 0.145391 3.02889e-11 0.270998 0.0719593 0.303497 0.286028
0.208158 0.145388 2.85102e-11 0.270998 0.0719585 0.303498 0.286028
0.208161 0.145385 2.68359e-11 0.270998 0.0719577 0.303498 0.286028
0.208164 0.145382 2.52599e-11 0.270998 0.071957 0.303499 0.286028
0.208167 0.145379 2.37765e-11 0.270998 0.0719562 0.303499 0.286028
0.20817 0.145377 2.23802e-11 0.270999 0.0719555 0.3035 0.286028
0.208173 0.145374 2.10659e-11 0.270999 0.0719547 0.3035 0.286028
0.208176 0.145371 1.98288e-11 0.270999 0.071954 0.303501 0.286028
0.208178 0.145368 1.86644e-11 0.270999 0.0719533 0.303501 0.286028
0.208181 0.145365 1.75683e-11 0.270999 0.0719526 0.303501 0.286028
0.208184 0.145363 1.65366e-11 0.270999 0.0719519 0.303502 0.286028
0.208187 0.14536 1.55654e-11 0.271 0.0719512 0.303502 0.286028
0.208189 0.145358 1.46513e-11 0.271 0.0719505 0.303503 0.286028
0.208192 0.145355 1.37909e-11 0.271 0.0719498 0.303503 0.286028
0.208194 0.145353 1.2981e-11 0.271 0.0719492 0.303504 0.286028
0.208197 0.14535 1.22187e-11 0.271 0.0719485 0.303504 0.286028
0.208199 0.145348 1.15012e-11 0.271001 0.0719479 0.303504 0.286028
0.208202 0.145345 1.08257e-11 0.271001 0.0719473 0.303505 0.286028
0.208204 0.145343 1.019e-11 0.271001 0.0719467 0.303505 0.286028
0.208207 0.145341 9.59157e-12 0.271001 0.0719461 0.303506 0.286028
0.208209 0.145338 9.0283e-12 0.271001 0.0719455 0.303506 0.286028
0.208211 0.145336 8.4981e-12 0.271001 0.0719449 0.303506 0.286028
0.208214 0.145334 7.99904e-12 0.271001 0.0719443 0.303507 0.286028
0.208216 0.145332 7.52929e-12 0.271002 0.0719437 0.303507 0.286028
0.208218 0.14533 7.08712e-12 0.271002 0.0719432 0.303507 0.286028
0.20822 0.145328 6.67092e-12 0.271002 0.0719426 0.303508 0.286028
0.208222 0.145326 6.27916e-12 0.271002 0.0719421 0.303508 0.286028
0.208225 0.145323 5.91041e-12 0.271002 0.0719416 0.303508 0.286028
0.208227 0.145321 5.56331e-12 0.271002 0.071941 0.303509 0.286028
0.208229 0.14532 5.2366e-12 0.271002 0.0719405 0.303509 0.286028
0.208231 0.145318 4.92908e-12 0.271003 0.07194 0.303509 0.286028
0.208233 0.145316 4.63961e-12 0.271003 0.0719395 0.30351 0.286028
0.208235 0.145314 4.36714e-12 0.271003 0.071939 0.30351 0.286028
0.208236 0.145312 4.11067e-12 0.271003 0.0719385 0.30351 0.286028
0.208238 0.14531 3.86927e-12 0.271003 0.0719381 0.30351 0.286028
0.20824 0.145308 3.64204e-12 0.271003 0.0719376 0.303511 0.286028
0.208242 0.145306 3.42816e-12 0.271003 0.0719371 0.303511 0.286028
0.208244 0.145305 3.22683e-12 0.271003 0.0719367 0.303511 0.286028
0.208246 0.145303 3.03733e-12 0.271003 0.0719362 0.303512 0.286028
0.208247 0.145301 2.85896e-12 0.271004 0.0719358 0.303512 0.286028
0.208249 0.1453 2.69106e-12 0.271004 0.0719353 0.303512 0.286028
0.208251 0.145298 2.53303e-12 0.271004 0.0719349 0.303512 0.286028
0.208252 0.145296 2.38427e-12 0.271004 0.0719345 0.303513 0.286028
0.208254 0.145295 2.24425e-12 0.271004 0.0719341 0.303513 0.286028
0.208256 0.145293 2.11245e-12 0.271004 0.0719337 0.303513 0.286028
0.208257 0.145292 1.9884e-12 0.271004 0.0719333 0.303513 0.286028
0.208259 0.14529 1.87163e-12 0.271004 0.0719329 0.303514 0.286028
0.20826 0.145289 1.76171e-12 0.271004 0.0719325 0.303514 0.286028
0.208262 0.145287 1.65825e-12 0.271005 0.0719321 0.303514 0.286028
0.208263 0.145286 1.56087e-12 0.271005 0.0719317 0.303514 0.286028
0.208265 0.145284 1.4692e-12 0.271005 0.0719313 0.303515 0.286028
0.208266 0.145283 1.38292e-12 0.271005 0.071931 0.303515 0.286028
0.208268 0.145282 1.30171e-12 0.271005 0.0719306 0.303515 0.286028
0.208269 0.14528 1.22526e-12 0.271005 0.0719303 0.303515 0.286028
0.208271 0.145279 1.15331e-12 0.271005 0.0719299 0.303516 0.286028
0.208272 0.145278 1.08558e-12 0.271005 0.0719296 0.303516 0.286028
0.208273 0.145276 1.02183e-12 0.271005 0.0719292 0.303516 0.286028
0.208275 0.145275 9.61817e-13 0.271005 0.0719289 0.303516 0.286028
0.208276 0.145274 9.05333e-13 0.271005 0.0719286 0.303516 0.286028
0.208277 0.145272 8.52165e-13 0.271006 0.0719282 0.303517 0.286028
0.208278 0.145271 8.0212e-13 0.271006 0.0719279 0.303517 0.286028
0.20828 0.14527 7.55014e-13 0.271006 0.0719276 0.303517 0.286028
0.208281 0.145269 7.10675e-13 0.271006 0.0719273 0.303517 0.286028
0.208282 0.145268 6.68939e-13 0.271006 0.071927 0.303517 0.286028
0.208283 0.145267 6.29655e-13 0.271006 0.0719267 0.303518 0.286028
0.208285 0.145265 5.92677e-13 0.271006 0.0719264 0.303518 0.286028
0.208286 0.145264 5.57871e-13 0.271006 0.0719261 0.303518 0.286028
0.208287 0.145263 5.25109e-13 0.271006 0.0719258 0.303518 0.286028
0.208288 0.145262 4.94271e-13 0.271006 0.0719256 0.303518 0.286028
0.208289 0.145261 4.65244e-13 0.271006 0.0719253 0.303518 0.286028
0.20829 0.14526 4.37922e-13 0.271006 0.071925 0.303519 0.286028
0.208291 0.145259 4.12204e-13 0.271006 0.0719247 0.303519 0.286028
0.208292 0.145258 3.87996e-13 0.271006 0.0719245 0.303519 0.286028
0.208293 0.145257 3.65211e-13 0.271007 0.0719242 0.303519 0.286028
0.208294 0.145256 3.43763e-13 0.271007 0.071924 0.303519 0.286028
0.208295 0.145255 3.23575e-13 0.271007 0.0719237 0.303519 0.286028
0.208296 0.145254 3.04572e-13 0.271007 0.0719235 0.30352 0.286028
0.208297 0.145253 2.86686e-13 0.271007 0.0719232 0.30352 0.286028
0.208298 0.145252 2.69849e-13 0.271007 0.071923 0.30352 0.286028
0.208299 0.145251 2.54002e-13 0.271007 0.0719227 0.30352 0.286028
0.2083 0.14525 2.39085e-13 0.271007 0.0719225 0.30352 0.286028
0.208301 0.145249 2.25045e-13 0.271007 0.0719223 0.30352 0.286028
0.208302 0.145249 2.11828e-13 0.271007 0.071922 0.30352 0.286028
0.208303 0.145248 1.99388e-13 0.271007 0.0719218 0.303521 0.286028
0.208304 0.145247 1.87679e-13 0.271007 0.0719216 0.303521 0.286028
0.208304 0.145246 1.76657e-13 0.271007 0.0719214 0.303521 0.286028
0.208305 0.145245 1.66282e-13 0.271007 0.0719212 0.303521 0.286028
0.208306 0.145244 1.56517e-13 0.271007 0.071921 0.303521 0.286028
0.208307 0.145244 1.47325e-13 0.271007 0.0719208 0.303521 0.286028
0.208308 0.145243 1.38673e-13 0.271007 0.0719206 0.303521 0.286028
0.208309 0.145242 1.3053e-13 0.271008 0.0719204 0.303521 0.286028
0.208309 0.145241 1.22864e-13 0.271008 0.0719202 0.303522 0.286028
0.20831 0.145241 1.15648e-13 0.271008 0.07192 0.303522 0.286028
0.208311 0.14524 1.08857e-13 0.271008 0.0719198 0.303522 0.286028
0.208312 0.145239 1.02464e-13 0.271008 0.0719196 0.303522 0.286028
0.208312 0.145238 9.64465e-14 0.271008 0.0719194 0.303522 0.286028
0.208313 0.145238 9.07825e-14 0.271008 0.0719192 0.303522 0.286028
0.208314 0.145237 8.54511e-14 0.271008 0.071919 0.303522 0.286028
0.208314 0.145236 8.04328e-14 0.271008 0.0719189 0.303522 0.286028
0.208315 0.145236 7.57092e-14 0.271008 0.0719187 0.303523 0.286028
0.208316 0.145235 7.12631e-14 0.271008 0.0719185 0.303523 0.286028
0.208316 0.145234 6.7078e-14 0.271008 0.0719184 0.303523 0.286028
0.208317 0.145234 6.31387e-14 0.271008 0.0719182 0.303523 0.286028
0.208318 0.145233 5.94307e-14 0.271008 0.071918 0.303523 0.286028
0.208318 0.145233 5.59405e-14 0.271008 0.0719179 0.303523 0.286028
0.208319 0.145232 5.26553e-14 0.271008 0.0719177 0.303523 0.286028
0.20832 0.145231 4.9563e-14 0.271008 0.0719176 0.303523 0.286028
0.20832 0.145231 4.66523e-14 0.271008 0.0719174 0.303523 0.286028
0.208321 0.14523 4.39126e-14 0.271008 0.0719172 0.303523 0.286028
0.208321 0.14523 4.13337e-14 0.271008 0.0719171 0.303524 0.286028
0.208322 0.145229 3.89063e-14 0.271008 0.071917 0.303524 0.286028
0.208323 0.145228 3.66214e-14 0.271008 0.0719168 0.303524 0.286028
0.208323 0.145228 3.44708e-14 0.271008 0.0719167 0.303524 0.286028
0.208324 0.145227 3.24464e-14 0.271009 0.0719165 0.303524 0.286028
0.208324 0.145227 3.05409e-14 0.271009 0.0719164 0.303524 0.286028
0.208325 0.145226 2.87473e-14 0.271009 0.0719163 0.303524 0.286028
0.208325 0.145226 2.70591e-14 0.271009 0.0719161 0.303524 0.286028
0.208326 0.145225 2.547e-14 0.271009 0.071916 0.303524 0.286028
0.208326 0.145225 2.39742e-14 0.271009 0.0719159 0.303524 0.286028
0.208327 0.145224 2.25663e-14 0.271009 0.0719157 0.303524 0.286028
0.208327 0.145224 2.1241e-14 0.271009 0.0719156 0.303524 0.286028
0.208328 0.145223 1.99936e-14 0.271009 0.0719155 0.303525 0.286028
0.208328 0.145223 1.88194e-14 0.271009 0.0719154 0.303525 0.286028
0.208329 0.145222 1.77142e-14 0.271009 0.0719152 0.303525 0.286028
0.208329 0.145222 1.66739e-14 0.271009 0.0719151 0.303525 0.286028
0.20833 0.145222 1.56947e-14 0.271009 0.071915 0.303525 0.286028
0.20833 0.145221 1.4773e-14 0.271009 0.0719149 0.303525 0.286028
0.208331 0.145221 1.39054e-14 0.271009 0.0719148 0.303525 0.286028
0.208331 0.14522 1.30888e-14 0.271009 0.0719147 0.303525 0.286028
0.208332 0.14522 1.23201e-14 0.271009 0.0719146 0.303525 0.286028
0.208332 0.145219 1.15966e-14 0.271009 0.0719145 0.303525 0.286028
0.208332 0.145219 1.09155e-14 0.271009 0.0719144 0.303525 0.286028
0.208333 0.145219 1.02745e-14 0.271009 0.0719142 0.303525 0.286028
0.208333 0.145218 9.67111e-15 0.271009 0.0719141 0.303525 0.286028
0.208334 0.145218 9.10315e-15 0.271009 0.071914 0.303525 0.286028
0.208334 0.145217 8.56855e-15 0.271009 0.0719139 0.303525 0.286028
0.208334 0.145217 8.06534e-15 0.271009 0.0719138 0.303526 0.286028
0.208335 0.145217 7.59169e-15 0.271009 0.0719138 0.303526 0.286028
0.208335 0.145216 7.14585e-15 0.271009 0.0719137 0.303526 0.286028
0.208336 0.145216 6.72619e-15 0.271009 0.0719136 0.303526 0.286028
0.208336 0.145216 6.33118e-15 0.271009 0.0719135 0.303526 0.286028
0.208336 0.145215 5.95937e-15 0.271009 0.0719134 0.303526 0.286028
0.208337 0.145215 5.60939e-15 0.271009 0.0719133 0.303526 0.286028
0.208337 0.145215 5.27996e-15 0.271009 0.0719132 0.303526 0.286028
0.208337 0.145214 4.96989e-15 0.271009 0.0719131 0.303526 0.286028
0.208338 0.145214 4.67802e-15 0.271009 0.071913 0.303526 0.286028
0.208338 0.145214 4.40329e-15 0.271009 0.071913 0.303526 0.286028
0.208338 0.145213 4.1447e-15 0.271009 0.0719129 0.303526 0.286028
0.208339 0.145213 3.90129e-15 0.271009 0.0719128 0.303526 0.286028
0.208339 0.145213 3.67218e-15 0.271009 0.0719127 0.303526 0.286028
0.208339 0.145212 3.45652e-15 0.271009 0.0719126 0.303526 0.286028
0.20834 0.145212 3.25353e-15 0.27101 0.0719126 0.303526 0.286028
0.20834 0.145212 3.06246e-15 0.27101 0.0719125 0.303526 0.286028
0.20834 0.145211 2.88261e-15 0.27101 0.0719124 0.303526 0.286028
0.20834 0.145211 2.71332e-15 0.27101 0.0719123 0.303526 0.286028
0.208341 0.145211 2.55397e-15 0.27101 0.0719123 0.303527 0.286028
0.208341 0.145211 2.40399e-15 0.27101 0.0719122 0.303527 0.286028
0.208341 0.14521 2.26281e-15 0.27101 0.0719121 0.303527 0.286028
0.208342 0.14521 2.12992e-15 0.27101 0.071912 0.303527 0.286028
0.208342 0.14521 2.00483e-15 0.27101 0.071912 0.303527 0.286028
0.208342 0.14521 1.88709e-15 0.27101 0.0719119 0.303527 0.286028
0.208342 0.145209 1.77627e-15 0.27101 0.0719118 0.303527 0.286028
0.208343 0.145209 1.67195e-15 0.27101 0.0719118 0.303527 0.286028
0.208343 0.145209 1.57377e-15 0.27101 0.0719117 0.303527 0.286028
0.208343 0.145209 1.48134e-15 0.27101 0.0719116 0.303527 0.286028
0.208343 0.145208 1.39435e-15 0.27101 0.0719116 0.303527 0.286028
0.208344 0.145208 1.31246e-15 0.27101 0.0719115 0.303527 0.286028
0.208344 0.145208 1.23538e-15 0.27101 0.0719115 0.303527 0.286028
0.208344 0.145208 1.16283e-15 0.27101 0.0719114 0.303527 0.286028
0.208344 0.145207 1.09454e-15 0.27101 0.0719113 0.303527 0.286028
0.208345 0.145207 1.03026e-15 0.27101 0.0719113 0.303527 0.286028
0.208345 0.145207 9.69758e-16 0.27101 0.0719112 0.303527 0.286028
0.208345 0.145207 9.12807e-16 0.27101 0.0719112 0.303527 0.286028
0.208345 0.145207 8.592e-16 0.27101 0.0719111 0.303527 0.286028
0.208345 0.145206 8.08741e-16 0.27101 0.0719111 0.303527 0.286028
0.208346 0.145206 7.61246e-16 0.27101 0.071911 0.303527 0.286028
0.208346 0.145206 7.1654e-16 0.27101 0.071911 0.303527 0.286028
0.208346 0.145206 6.7446e-16 0.27101 0.0719109 0.303527 0.286028
0.208346 0.145206 6.3485e-16 0.27101 0.0719109 0.303527 0.286028
0.208346 0.145205 5.97567e-16 0.27101 0.0719108 0.303527 0.286028
0.208347 0.145205 5.62474e-16 0.27101 0.0719108 0.303527 0.286028
0.208347 0.145205 5.29441e-16 0.27101 0.0719107 0.303527 0.286028
0.208347 0.145205 4.98348e-16 0.27101 0.0719107 0.303528 0.286028
0.208347 0.145205 4.69082e-16 0.27101 0.0719106 0.303528 0.286028
0.208347 0.145204 4.41534e-16 0.27101 0.0719106 0.303528 0.286028
0.208348 0.145204 4.15604e-16 0.27101 0.0719105 0.303528 0.286028
0.208348 0.145204 3.91196e-16 0.27101 0.0719105 0.303528 0.286028
0.208348 0.145204 3.68222e-16 0.27101 0.0719104 0.303528 0.286028
0.208348 0.145204 3.46598e-16 0.27101 0.0719104 0.303528 0.286028
0.208348 0.145204 3.26243e-16 0.27101 0.0719103 0.303528 0.286028
0.208348 0.145203 3.07083e-16 0.27101 0.0719103 0.303528 0.286028
0.208349 0.145203 2.89049e-16 0.27101 0.0719103 0.303528 0.286028
0.208349 0.145203 2.72074e-16 0.27101 0.0719102 0.303528 0.286028
0.208349 0.145203 2.56096e-16 0.27101 0.0719102 0.303528 0.286028
0.208349 0.145203 2.41056e-16 0.27101 0.0719101 0.303528 0.286028
0.208349 0.145203 2.26899e-16 0.27101 0.0719101 0.303528 0.286028
0.208349 0.145202 2.13574e-16 0.27101 0.0719101 0.303528 0.286028
0.20835 0.145202 2.01032e-16 0.27101 0.07191 0.303528 0.286028
0.20835 0.145202 1.89225e-16 0.27101 0.07191 0.303528 0.286028
0.20835 0.145202 1.78113e-16 0.27101 0.07191 0.303528 0.286028
0.20835 0.145202 1.67653e-16 0.27101 0.0719099 0.303528 0.286028
0.20835 0.145202 1.57807e-16 0.27101 0.0719099 0.303528 0.286028
0.20835 0.145202 1.48539e-16 0.27101 0.0719098 0.303528 0.286028
0.20835 0.145201 1.39816e-16 0.27101 0.0719098 0.303528 0.286028
0.208351 0.145201 1.31605e-16 0.27101 0.0719098 0.303528 0.286028
0.208351 0.145201 1.23876e-16 0.27101 0.0719097 0.303528 0.286028
0.208351 0.145201 1.16601e-16 0.27101 0.0719097 0.303528 0.286028
0.208351 0.145201 1.09753e-16 0.27101 0.0719097 0.303528 0.286028
0.208351 0.145201 1.03308e-16 0.27101 0.0719096 0.303528 0.286028
0.208351 0.145201 9.72409e-17 0.27101 0.0719096 0.303528 0.286028
0.208351 0.145201 9.15302e-17 0.27101 0.0719096 0.303528 0.286028
0.208351 0.1452 8.61549e-17 0.27101 0.0719096 0.303528 0.286028
0.208352 0.1452 8.10952e-17 0.27101 0.0719095 0.303528 0.286028
0.208352 0.1452 7.63327e-17 0.27101 0.0719095 0.303528 0.286028
0.208352 0.1452 7.18499e-17 0.27101 0.0719095 0.303528 0.286028
0.208352 0.1452 6.76303e-17 0.27101 0.0719094 0.303528 0.286028
0.208352 0.1452 6.36586e-17 0.27101 0.0719094 0.303528 0.286028
0.208352 0.1452 5.99201e-17 0.27101 0.0719094 0.303528 0.286028
0.208352 0.1452 5.64011e-17 0.27101 0.0719094 0.303528 0.286028
0.208352 0.1452 5.30888e-17 0.27101 0.0719093 0.303528 0.286028
0.208352 0.1452 4.9971e-17 0.27101 0.0719093 0.303528 0.286028
0.208353 0.145199 4.70364e-17 0.27101 0.0719093 0.303528 0.286028
0.208353 0.145199 4.4274e-17 0.27101 0.0719093 0.303528 0.286028
0.208353 0.145199 4.16739e-17 0.27101 0.0719092 0.303528 0.286028
0.208353 0.145199 3.92265e-17 0.27101 0.0719092 0.303528 0.286028
0.208353 0.145199 3.69229e-17 0.27101 0.0719092 0.303528 0.286028
0.208353 0.145199 3.47545e-17 0.27101 0.0719092 0.303528 0.286028
0.208353 0.145199 3.27134e-17 0.27101 0.0719091 0.303528 0.286028
0.208353 0.145199 3.07923e-17 0.27101 0.0719091 0.303528 0.286028
0.208353 0.145199 2.89839e-17 0.27101 0.0719091 0.303529 0.286028
0.208353 0.145199 2.72818e-17 0.27101 0.0719091 0.303529 0.286028
0.208354 0.145198 2.56796e-17 0.27101 0.071909 0.303529 0.286028
0.208354 0.145198 2.41715e-17 0.27101 0.071909 0.303529 0.286028
0.208354 0.145198 2.27519e-17 0.27101 0.071909 0.303529 0.286028
0.208354 0.145198 2.14158e-17 0.27101 0.071909 0.303529 0.286028
0.208354 0.145198 2.01581e-17 0.27101 0.0719089 0.303529 0.286028
0.208354 0.145198 1.89743e-17 0.27101 0.0719089 0.303529 0.286028
0.208354 0.145198 1.78599e-17 0.27101 0.0719089 0.303529 0.286028
0.208354 0.145198 1.68111e-17 0.27101 0.0719089 0.303529 0.286028
0.208354 0.145198 1.58238e-17 0.27101 0.0719089 0.303529 0.286028
0.208354 0.145198 1.48945e-17 0.27101 0.0719088 0.303529 0.286028
0.208354 0.145198 1.40198e-17 0.27101 0.0719088 0.303529 0.286028
0.208354 0.145198 1.31964e-17 0.27101 0.0719088 0.303529 0.286028
